Time,-0.1,-0.095,-0.09,-0.085,-0.08,-0.075,-0.07,-0.065,-0.06,-0.055,-0.05,-0.045,-0.04,-0.035,-0.03,-0.025,-0.02,-0.015,-0.01,-0.005,0,0.005,0.01,0.015,0.02,0.025,0.03,0.035,0.04,0.045,0.05,0.055,0.06,0.065,0.07,0.075,0.08,0.085,0.09,0.095,0.1,0.105,0.11,0.115,0.12,0.125,0.13,0.135,0.14,0.145,0.15,0.155,0.16,0.165,0.17,0.175,0.18,0.185,0.19,0.195,0.2,0.205,0.21,0.215,0.22,0.225,0.23,0.235,0.24,0.245,0.25,0.255,0.26,0.265,0.27,0.275,0.28,0.285,0.29,0.295,0.3,0.305,0.31,0.315,0.32,0.325,0.33,0.335,0.34,0.345,0.35,0.355,0.36,0.365,0.37,0.375,0.38,0.385,0.39,0.395,0.4,0.405,0.41,0.415,0.42,0.425,0.43,0.435,0.44,0.445,0.45,0.455,0.46,0.465,0.47,0.475,0.48,0.485,0.49,0.495,0.5,0.505,0.51,0.515,0.52,0.525,0.53,0.535,0.54,0.545,0.55,0.555,0.56,0.565,0.57,0.575,0.58,0.585,0.59,0.595,0.6,0.605,0.61,0.615,0.62,0.625,0.63,0.635,0.64,0.645,0.65,0.655,0.66,0.665,0.67,0.675,0.68,0.685,0.69,0.695,0.7,0.705,0.71,0.715,0.72,0.725,0.73,0.735,0.74,0.745,0.75,0.755,0.76,0.765,0.77,0.775,0.78,0.785,0.79,0.795,0.8,0.805,0.81,0.815,0.82,0.825,0.83,0.835,0.84,0.845,0.85,0.855,0.86,0.865,0.87,0.875,0.88,0.885,0.89,0.895,0.9,0.905,0.91,0.915,0.92,0.925,0.93,0.935,0.94,0.945,0.95,0.955,0.96,0.965,0.97,0.975,0.98,0.985,0.99,0.995,1,
FP1,-3.026666349e-08,-3.814724906e-06,-7.971349011e-06,-1.012162213e-05,-1.042870252e-05,-8.473149677e-06,-4.759077163e-06,-1.408610087e-06,-1.705248100e-06,-6.484254371e-06,-1.217766130e-05,-1.333004878e-05,-7.930826446e-06,4.967909352e-07,6.644470083e-06,8.875559719e-06,1.014572098e-05,1.357034438e-05,1.819347315e-05,2.005010244e-05,1.704111777e-05,1.163065845e-05,8.261034270e-06,8.763624429e-06,1.106151401e-05,1.211365253e-05,1.114226328e-05,9.566394565e-06,8.560015575e-06,7.769278313e-06,6.569208980e-06,5.688726211e-06,6.755978575e-06,1.027693592e-05,1.464484472e-05,1.744824279e-05,1.759268683e-05,1.601838697e-05,1.458470788e-05,1.448515461e-05,1.549731185e-05,1.624198463e-05,1.504713688e-05,1.108113708e-05,5.229247947e-06,-1.596996538e-07,-2.911898539e-06,-2.766762789e-06,-1.347876745e-06,-1.884849285e-07,1.016503888e-06,3.760682321e-06,8.294964698e-06,1.240671925e-05,1.325176469e-05,1.047810121e-05,7.082590673e-06,6.757308640e-06,1.034812888e-05,1.504715845e-05,1.702992437e-05,1.479180896e-05,1.010073010e-05,6.150351614e-06,4.994985614e-06,6.394474043e-06,8.502205816e-06,9.445079928e-06,8.635685334e-06,7.073196410e-06,6.447499511e-06,7.635167230e-06,9.851638461e-06,1.138450999e-05,1.130477719e-05,1.033904657e-05,9.837933139e-06,9.964014162e-06,9.304963665e-06,6.566786498e-06,2.481268700e-06,-3.815680681e-07,1.113961697e-07,3.685566688e-06,8.020582474e-06,1.085372511e-05,1.149194329e-05,1.044127699e-05,8.162023746e-06,4.693564611e-06,4.298127029e-07,-3.266241997e-06,-4.683903045e-06,-3.121579394e-06,4.147450865e-07,3.841713976e-06,5.322543404e-06,4.216318299e-06,1.174282135e-06,-2.377980325e-06,-4.934643027e-06,-5.483609312e-06,-3.794727972e-06,-3.723510314e-07,3.810719109e-06,7.623255647e-06,1.010051839e-05,1.082052738e-05,1.012869200e-05,8.834004371e-06,7.429518538e-06,5.631477361e-06,2.983181662e-06,5.873192218e-08,-1.263160977e-06,7.231178537e-07,5.580189615e-06,1.053417584e-05,1.268197138e-05,1.152559054e-05,9.188530076e-06,8.100324374e-06,8.649687105e-06,9.179745353e-06,8.015793035e-06,5.198844140e-06,2.363387251e-06,1.348609980e-06,2.994765580e-06,6.694105168e-06,1.047007705e-05,1.167427835e-05,8.581032372e-06,2.058534879e-06,-4.562853673e-06,-8.086865697e-06,-8.298620627e-06,-7.907231899e-06,-9.357706175e-06,-1.204243188e-05,-1.320447117e-05,-1.140261775e-05,-8.178077847e-06,-5.834605475e-06,-4.349655894e-06,-1.707936562e-06,2.584960477e-06,5.633968987e-06,4.075955414e-06,-1.334163328e-06,-5.423761444e-06,-3.769794492e-06,2.320238210e-06,6.955694943e-06,5.898996018e-06,9.479136992e-07,-2.221371295e-06,5.541361294e-08,6.321514324e-06,1.226153919e-05,1.490289395e-05,1.435829470e-05,1.267452990e-05,1.223644449e-05,1.485664401e-05,2.060339160e-05,2.650887868e-05,2.758180738e-05,2.112599193e-05,1.060571396e-05,3.788392373e-06,5.509556657e-06,1.242397920e-05,1.623367932e-05,1.261418910e-05,5.953776178e-06,4.260410180e-06,9.907839734e-06,1.689429370e-05,1.772066973e-05,1.179009225e-05,5.754371519e-06,5.945751900e-06,1.195557911e-05,1.815884071e-05,2.019252190e-05,1.838655534e-05,1.521312192e-05,1.145869574e-05,6.310037171e-06,3.345453344e-07,-3.608017775e-06,-3.156046370e-06,8.580028988e-07,5.499785591e-06,9.056636209e-06,1.209718544e-05,1.515661315e-05,1.677452023e-05,1.508068665e-05,1.093859951e-05,8.073471474e-06,9.397771744e-06,1.391083584e-05,1.806492846e-05,1.984414393e-05,2.041308715e-05,2.149763958e-05,2.225446969e-05,1.992227005e-05,1.346278648e-05,5.481721335e-06,-1.084523770e-07,-1.519450191e-06,-3.221768693e-07,1.855352803e-06,3.878935481e-06,6.943021711e-06,8.886553691e-06,1.064012768e-05,5.263285191e-06
AFF5,2.330675308e-06,1.275005439e-06,-2.473727673e-06,-4.227417905e-06,-6.034758728e-06,-7.083094652e-06,-7.214703312e-06,-5.911988417e-06,-4.603040364e-06,-4.518934363e-06,-5.525893147e-06,-6.005079952e-06,-4.874310480e-06,-2.580396202e-06,-9.840049185e-09,2.952853461e-06,6.959039793e-06,1.145886726e-05,1.442309777e-05,1.437286461e-05,1.217827314e-05,1.004680901e-05,8.807677402e-06,7.065424720e-06,3.458150238e-06,-9.587214669e-07,-3.539489791e-06,-3.208473819e-06,-1.832079243e-06,-1.874778579e-06,-3.290275534e-06,-3.687244493e-06,-1.552377037e-06,1.702472028e-06,3.544216630e-06,3.560628274e-06,3.854993009e-06,6.104688498e-06,9.184746305e-06,1.042579520e-05,8.738157498e-06,5.493696137e-06,2.243442559e-06,-1.363652899e-06,-6.522055040e-06,-1.260889079e-05,-1.681271188e-05,-1.691658079e-05,-1.376253876e-05,-1.017416820e-05,-7.690963105e-06,-5.289265047e-06,-1.586099088e-06,2.584380279e-06,4.765554696e-06,3.934632154e-06,2.019016642e-06,1.829764415e-06,3.924310068e-06,6.163444722e-06,6.264563717e-06,4.114285635e-06,1.357171809e-06,-6.181001924e-07,-1.577848212e-06,-1.600299010e-06,-3.243831155e-07,2.412165536e-06,5.650057325e-06,7.806921467e-06,8.235665938e-06,7.802280182e-06,7.653303730e-06,7.800701338e-06,7.391467167e-06,6.178081614e-06,5.035315787e-06,4.727586489e-06,4.650073119e-06,3.434348609e-06,8.101381445e-07,-1.684232266e-06,-2.183077753e-06,-4.445617071e-07,2.009256305e-06,3.556424802e-06,3.848465492e-06,3.485290383e-06,2.863608148e-06,1.865298401e-06,5.629195142e-07,-3.564011785e-07,-2.105768573e-07,8.480020410e-07,1.950459873e-06,2.415958448e-06,2.263181511e-06,1.809513316e-06,1.112393282e-06,7.313812016e-08,-1.075282260e-06,-1.740133594e-06,-1.503285373e-06,-4.778607665e-07,9.276524047e-07,2.349976663e-06,3.409085132e-06,3.600291499e-06,2.721030440e-06,1.431517434e-06,8.760355638e-07,1.363163939e-06,1.729777079e-06,6.468335295e-07,-1.363929611e-06,-1.896359182e-06,7.320440610e-07,5.063782537e-06,7.501810118e-06,6.116489041e-06,2.984486780e-06,2.068334726e-06,4.782803946e-06,8.289761569e-06,8.546473855e-06,4.671961094e-06,-2.253123037e-07,-2.433554386e-06,-1.253061868e-06,9.110482614e-07,1.405628522e-06,-3.989788351e-07,-3.452478477e-06,-6.657714530e-06,-9.562123590e-06,-1.186934438e-05,-1.316245066e-05,-1.341264595e-05,-1.326918723e-05,-1.334737884e-05,-1.336124791e-05,-1.239729479e-05,-1.008027595e-05,-7.071752736e-06,-4.260261464e-06,-1.890914349e-06,5.135985824e-08,8.794144130e-07,-5.162854606e-07,-3.960249290e-06,-7.065729373e-06,-6.943256143e-06,-3.217879286e-06,1.072769767e-06,2.169200995e-06,-6.839912515e-07,-4.377383515e-06,-4.851077070e-06,-7.784607442e-07,5.520526062e-06,1.041985917e-05,1.203226552e-05,1.131682738e-05,1.079108896e-05,1.228403757e-05,1.546761061e-05,1.812754912e-05,1.800966917e-05,1.489660238e-05,1.103372304e-05,9.165735601e-06,9.857942285e-06,1.095114165e-05,1.000962415e-05,7.183831295e-06,5.127711041e-06,5.907317007e-06,8.525447637e-06,1.010700622e-05,9.349318771e-06,7.987158508e-06,8.469657766e-06,1.081629149e-05,1.262343791e-05,1.210746097e-05,1.018602343e-05,8.982637782e-06,8.910934250e-06,8.304742710e-06,6.010549875e-06,3.274933735e-06,2.216902116e-06,2.918704311e-06,3.217403889e-06,1.692490826e-06,-1.159428862e-07,5.791249676e-07,4.208774440e-06,8.063986722e-06,9.443405830e-06,8.664004728e-06,8.066642826e-06,8.557819781e-06,8.564708217e-06,6.900483642e-06,5.403364163e-06,7.123668357e-06,1.183414112e-05,1.485348058e-05,1.157311541e-05,2.792171071e-06,-5.629883312e-06,-8.697286406e-06,-7.084807977e-06,-5.225218199e-06,-5.886242911e-06,-7.164401124e-06,-6.381397972e-06,-3.288637419e-06,-1.631064061e-06,-1.110733368e-06
AFz,1.976680484e-06,1.703576169e-06,-1.968507533e-06,-5.431517797e-06,-8.779299577e-06,-1.008606353e-05,-9.471577341e-06,-7.785348690e-06,-6.788211480e-06,-6.784766641e-06,-6.620000007e-06,-4.881348686e-06,-1.652901648e-06,1.649525097e-06,4.003213399e-06,5.893225218e-06,8.382797170e-06,1.139328793e-05,1.354288944e-05,1.387703872e-05,1.324531568e-05,1.337016889e-05,1.459462957e-05,1.515725935e-05,1.311800047e-05,8.776365500e-06,4.688665996e-06,3.177596852e-06,4.148613433e-06,5.571122814e-06,5.835532917e-06,5.229549293e-06,5.155631237e-06,6.426187971e-06,8.675957477e-06,1.114409703e-05,1.341461260e-05,1.519774714e-05,1.585042398e-05,1.468500307e-05,1.181737397e-05,8.316858037e-06,5.216009582e-06,2.476330498e-06,-8.057710770e-07,-5.127586970e-06,-9.677900877e-06,-1.277322775e-05,-1.309864722e-05,-1.051698883e-05,-5.921978474e-06,-6.053369731e-07,4.249456874e-06,7.833137791e-06,9.866579430e-06,1.059316730e-05,1.051817570e-05,1.011163407e-05,9.765783190e-06,9.866674573e-06,1.055404748e-05,1.125198933e-05,1.076356088e-05,8.383176071e-06,5.110596055e-06,3.376685429e-06,5.019298459e-06,9.373663469e-06,1.363025530e-05,1.533282943e-05,1.449346520e-05,1.316426657e-05,1.311254899e-05,1.422393698e-05,1.514369118e-05,1.497901203e-05,1.393667965e-05,1.248986790e-05,1.059977309e-05,8.164335230e-06,5.911870797e-06,5.192607218e-06,6.616605898e-06,9.186524304e-06,1.112338186e-05,1.150678561e-05,1.085936903e-05,1.016740069e-05,9.730659551e-06,9.236758854e-06,8.692236573e-06,8.738891154e-06,9.846161599e-06,1.148534549e-05,1.245022418e-05,1.197460657e-05,1.029937392e-05,8.157731463e-06,6.062756031e-06,4.338232135e-06,3.556293085e-06,4.350573484e-06,6.531445868e-06,8.711513559e-06,9.322434515e-06,8.163050323e-06,6.695971367e-06,6.563943067e-06,7.846500175e-06,8.959703287e-06,8.314242580e-06,5.974790448e-06,3.673735773e-06,3.315477559e-06,5.480634879e-06,9.126770170e-06,1.242973994e-05,1.395062639e-05,1.343906843e-05,1.195545916e-05,1.120070487e-05,1.227747115e-05,1.468625819e-05,1.652666768e-05,1.600867435e-05,1.306452101e-05,9.522926198e-06,7.561836711e-06,7.835329767e-06,9.011442541e-06,9.075110477e-06,7.075522499e-06,3.704497344e-06,3.524789957e-07,-2.259144232e-06,-4.514345390e-06,-7.096636904e-06,-9.869673355e-06,-1.164669683e-05,-1.114880288e-05,-8.237153666e-06,-4.161239300e-06,-5.024899923e-07,2.143598474e-06,4.350309014e-06,6.684020765e-06,8.500513755e-06,8.228278454e-06,5.073709047e-06,3.800123974e-07,-2.994208845e-06,-2.925215564e-06,1.868951339e-07,3.797749694e-06,5.388571519e-06,4.446845354e-06,2.643338427e-06,2.274245149e-06,4.353893014e-06,7.793541188e-06,1.024734052e-05,1.009698713e-05,8.123353093e-06,7.267495912e-06,1.015702314e-05,1.628064832e-05,2.171082766e-05,2.231961101e-05,1.777856172e-05,1.218461621e-05,1.020282808e-05,1.244780915e-05,1.502928759e-05,1.389878777e-05,9.328957526e-06,5.617673227e-06,6.411035727e-06,1.088167846e-05,1.484168603e-05,1.520808708e-05,1.274925697e-05,1.052634303e-05,1.047327580e-05,1.206659754e-05,1.380673974e-05,1.488717645e-05,1.505723788e-05,1.373662206e-05,1.038342776e-05,5.806958112e-06,2.200388153e-06,1.197130294e-06,2.209674325e-06,3.343293372e-06,3.853308742e-06,4.890637386e-06,7.455904235e-06,1.038137603e-05,1.139272636e-05,1.017721603e-05,9.304443675e-06,1.128821065e-05,1.524961993e-05,1.766485589e-05,1.668354439e-05,1.464709787e-05,1.526810126e-05,1.862788202e-05,2.031303398e-05,1.624750855e-05,7.690965548e-06,3.487944617e-07,-1.573376034e-06,6.655506302e-07,2.384834809e-06,1.501815305e-06,-2.448379667e-07,6.496624983e-07,3.170120138e-06,5.680695278e-06,2.951638541e-06
F1,2.109064419e-06,2.885665711e-06,-3.691213980e-07,-4.187158330e-06,-8.354033501e-06,-1.061398793e-05,-1.047219334e-05,-8.282153904e-06,-6.005058700e-06,-4.931403568e-06,-4.794208784e-06,-4.067156365e-06,-1.851245251e-06,1.176816225e-06,3.724750660e-06,5.493166644e-06,7.332979034e-06,9.780388441e-06,1.198453955e-05,1.258991273e-05,1.153727020e-05,1.038451046e-05,1.050984516e-05,1.130555052e-05,1.067254838e-05,7.402088213e-06,2.715256913e-06,-8.170373924e-07,-1.709017557e-06,-6.443511298e-07,7.392641758e-07,1.672141683e-06,2.620748228e-06,4.172887008e-06,6.108822518e-06,7.733161737e-06,8.757658460e-06,9.449346109e-06,9.930894236e-06,9.684250108e-06,7.956450837e-06,4.534251569e-06,-6.213545718e-08,-5.080699607e-06,-1.000064265e-05,-1.444400167e-05,-1.785700342e-05,-1.954211101e-05,-1.905607175e-05,-1.648769744e-05,-1.235304419e-05,-7.363454208e-06,-2.360667674e-06,1.707862799e-06,4.071833631e-06,4.600627853e-06,3.979386135e-06,3.314764171e-06,3.431116348e-06,4.379930290e-06,5.454610725e-06,5.654782121e-06,4.377373053e-06,1.997386724e-06,-1.274631008e-07,-4.880575776e-07,1.378307382e-06,4.403594415e-06,6.855311160e-06,7.841548192e-06,7.944062682e-06,8.330419657e-06,9.385692818e-06,1.042208987e-05,1.067513680e-05,1.022149125e-05,9.648623798e-06,9.018970857e-06,7.656263954e-06,5.198763749e-06,2.588165236e-06,1.559008391e-06,2.998820200e-06,6.000955806e-06,8.679265515e-06,9.794765140e-06,9.464343534e-06,8.507032487e-06,7.544229662e-06,6.880229096e-06,6.857459678e-06,7.785663869e-06,9.415337094e-06,1.083231090e-05,1.117115373e-05,1.034705675e-05,8.877044534e-06,7.090350242e-06,4.889358651e-06,2.414995635e-06,5.638674960e-07,3.534290673e-07,1.735430640e-06,3.441679703e-06,4.287481498e-06,4.431054664e-06,4.988304543e-06,6.430095476e-06,7.776038235e-06,7.639742987e-06,5.849494878e-06,3.669656711e-06,2.448552906e-06,2.431930936e-06,3.056712843e-06,3.996318804e-06,5.388992887e-06,7.089870427e-06,8.331951646e-06,8.590249509e-06,8.515502205e-06,9.366423500e-06,1.129993705e-05,1.267647228e-05,1.158993637e-05,8.071735192e-06,4.347618029e-06,2.683998774e-06,3.194414053e-06,3.996441406e-06,3.323701852e-06,1.068100840e-06,-1.759841081e-06,-4.530745111e-06,-7.446155287e-06,-1.064242715e-05,-1.346773033e-05,-1.500907902e-05,-1.508070952e-05,-1.425044305e-05,-1.287958660e-05,-1.056807579e-05,-6.859366326e-06,-2.321061560e-06,1.460777939e-06,3.092240726e-06,2.437664717e-06,4.679353490e-07,-1.673356390e-06,-3.237039183e-06,-3.761965623e-06,-2.995635146e-06,-1.267971734e-06,2.981837496e-07,4.951451447e-07,-7.520175142e-07,-2.014896575e-06,-1.524520481e-06,1.124798008e-06,4.456153641e-06,6.399197190e-06,6.233317221e-06,5.384165334e-06,6.292054440e-06,1.023389439e-05,1.590802576e-05,2.010904597e-05,2.020797668e-05,1.649137536e-05,1.214616551e-05,1.051638095e-05,1.195347577e-05,1.343588706e-05,1.169439838e-05,6.872363434e-06,2.792499931e-06,3.234539176e-06,7.981490099e-06,1.288653096e-05,1.399831520e-05,1.140187246e-05,8.800536733e-06,9.537312294e-06,1.341929653e-05,1.740482902e-05,1.882277278e-05,1.746501319e-05,1.483738922e-05,1.218412909e-05,9.665613911e-06,7.046784894e-06,4.490226780e-06,2.520739628e-06,1.627254644e-06,2.142784363e-06,4.160235265e-06,7.102152506e-06,9.526406461e-06,1.003515735e-05,8.750680397e-06,7.509109916e-06,8.017741483e-06,9.872987343e-06,1.101166350e-05,1.037631833e-05,9.521334780e-06,1.077332314e-05,1.384313166e-05,1.519704157e-05,1.155085023e-05,3.755095611e-06,-3.561815687e-06,-6.438723157e-06,-5.208422373e-06,-3.261180796e-06,-2.957553198e-06,-3.359992611e-06,-2.615308022e-06,-6.447455001e-07,2.166869978e-07,-2.528264051e-07
FC5,2.519445167e-06,2.598744866e-06,-1.749091349e-06,-4.860965245e-06,-6.620929227e-06,-6.032692316e-06,-4.614837790e-06,-3.337175299e-06,-3.309512458e-06,-4.424721485e-06,-5.788467232e-06,-6.008337596e-06,-4.330366005e-06,-1.204613798e-06,2.169206003e-06,4.906051800e-06,6.944449129e-06,8.546403111e-06,9.606043460e-06,9.747865410e-06,9.017193808e-06,8.061271070e-06,7.364507124e-06,6.490897897e-06,4.468522432e-06,1.042614465e-06,-2.687134842e-06,-5.106518314e-06,-5.513912348e-06,-4.551091475e-06,-3.265493963e-06,-2.003171846e-06,-3.558845377e-07,2.000336427e-06,4.714433543e-06,7.039938985e-06,8.482721806e-06,9.037714867e-06,8.923018901e-06,8.269159247e-06,7.027610629e-06,4.985375377e-06,1.851752374e-06,-2.411017974e-06,-7.137453971e-06,-1.099689590e-05,-1.284773513e-05,-1.268769380e-05,-1.153274332e-05,-1.015371999e-05,-8.123155307e-06,-4.510553573e-06,4.062090369e-07,4.554293665e-06,5.684325016e-06,3.645378099e-06,7.357756430e-07,-4.402437192e-07,6.191558610e-07,2.153186601e-06,2.195518488e-06,4.798986795e-07,-1.673822997e-06,-2.910474069e-06,-2.888048434e-06,-1.960154410e-06,-4.015201524e-07,1.699041790e-06,4.000436318e-06,5.827393808e-06,6.692064910e-06,6.718342731e-06,6.417582123e-06,6.180243697e-06,6.124588649e-06,6.261300190e-06,6.455807254e-06,6.187714128e-06,4.756524677e-06,2.135520667e-06,-4.583638324e-07,-1.312484310e-06,1.543776895e-07,2.634996155e-06,4.070699992e-06,3.565370720e-06,2.006382520e-06,8.289997878e-07,5.132894035e-07,5.460724152e-07,6.136270056e-07,1.278833408e-06,3.219223433e-06,6.070170011e-06,8.432576820e-06,9.084622595e-06,7.953688170e-06,5.841308522e-06,3.507959323e-06,1.332346642e-06,-2.935157230e-07,-7.596650857e-07,2.378604030e-07,2.118633212e-06,3.704975902e-06,4.202431615e-06,3.786569072e-06,3.206246590e-06,2.997243388e-06,3.190810758e-06,3.564580600e-06,3.839996784e-06,3.629329926e-06,2.573763932e-06,8.505713943e-07,-5.890248835e-07,-6.732943728e-07,7.444479954e-07,2.687656501e-06,4.079192680e-06,4.826135120e-06,5.648278918e-06,6.897076202e-06,7.909942051e-06,7.738078558e-06,6.282764148e-06,4.375471373e-06,2.785317764e-06,1.537470421e-06,3.669343972e-07,-5.505643922e-07,-8.314693279e-07,-8.168390286e-07,-1.702029468e-06,-4.301545356e-06,-7.867679800e-06,-1.061779511e-05,-1.154209886e-05,-1.131534619e-05,-1.115434134e-05,-1.107697735e-05,-9.838432898e-06,-6.689520455e-06,-2.734079125e-06,-1.238810693e-07,-2.086148196e-08,-1.708444336e-06,-3.665488671e-06,-5.015901131e-06,-5.649783036e-06,-5.390161262e-06,-3.840591611e-06,-1.285580345e-06,8.586664072e-07,1.210709420e-06,1.078393490e-07,-3.814411920e-07,1.489521024e-06,5.200984978e-06,8.359940840e-06,9.045135638e-06,7.590146541e-06,6.088082344e-06,6.422541677e-06,8.856105143e-06,1.214044704e-05,1.454094315e-05,1.486350603e-05,1.313295431e-05,1.070545198e-05,9.411580078e-06,9.948822687e-06,1.096993283e-05,1.026052240e-05,7.259502197e-06,4.179289972e-06,4.016189696e-06,7.255475336e-06,1.099346499e-05,1.178882262e-05,9.278160920e-06,6.534670334e-06,6.774658607e-06,1.011076134e-05,1.378794960e-05,1.519940261e-05,1.405518864e-05,1.165409321e-05,8.893301871e-06,5.735361573e-06,2.386569164e-06,4.874395621e-08,-8.307835019e-08,1.717147879e-06,3.804817631e-06,4.783757207e-06,4.670097097e-06,4.376158561e-06,4.499333737e-06,5.002232475e-06,5.782897850e-06,6.883608313e-06,7.976319776e-06,8.251439076e-06,7.407176545e-06,6.514180549e-06,7.101568258e-06,9.041025687e-06,9.892420895e-06,7.104215888e-06,9.264256007e-07,-5.415275045e-06,-8.709284265e-06,-8.732245958e-06,-7.581960757e-06,-7.178829505e-06,-6.903510872e-06,-6.060185549e-06,-4.194369631e-06,-3.767916386e-06,-2.115441358e-06
FC1,3.246174129e-06,4.652091325e-06,9.019282669e-07,-2.905417246e-06,-6.902862594e-06,-8.479337817e-06,-7.855832082e-06,-5.738485580e-06,-4.127425584e-06,-3.791036536e-06,-4.236280079e-06,-4.185786913e-06,-3.063443169e-06,-1.316303922e-06,4.715028253e-07,2.459766355e-06,5.187835201e-06,8.409938881e-06,1.076663360e-05,1.100158497e-05,9.422073772e-06,7.759643533e-06,7.362677431e-06,7.693848846e-06,6.892029228e-06,3.839306349e-06,-5.338879484e-07,-4.076370036e-06,-5.354659161e-06,-4.602892936e-06,-2.930892795e-06,-1.025845301e-06,1.133105201e-06,3.533234090e-06,5.607908615e-06,6.707754526e-06,6.908447499e-06,7.012448421e-06,7.615006476e-06,8.286247877e-06,7.826277656e-06,5.348635818e-06,1.073933947e-06,-3.903650856e-06,-8.523321768e-06,-1.239138075e-05,-1.560363668e-05,-1.807063888e-05,-1.910334526e-05,-1.773187986e-05,-1.354680861e-05,-7.354727756e-06,-1.025933958e-06,3.467200440e-06,5.149126203e-06,4.475039553e-06,2.844927071e-06,1.661343781e-06,1.616244428e-06,2.523113565e-06,3.573830236e-06,3.819918791e-06,2.772817140e-06,8.877311297e-07,-5.259333989e-07,-1.730520444e-07,2.154424079e-06,5.332214375e-06,7.863309252e-06,9.154977032e-06,9.808618481e-06,1.068654621e-05,1.189898385e-05,1.286731098e-05,1.321934335e-05,1.323096726e-05,1.320844296e-05,1.273073335e-05,1.098390194e-05,7.990669426e-06,5.178372220e-06,4.319962299e-06,5.844704779e-06,8.405872172e-06,1.021286714e-05,1.061674766e-05,1.025109837e-05,9.849404355e-06,9.373332961e-06,8.464086656e-06,7.406994455e-06,7.171040476e-06,8.376932866e-06,1.048333594e-05,1.219985292e-05,1.259873070e-05,1.164232343e-05,9.746727818e-06,7.223943273e-06,4.369369401e-06,1.851711522e-06,5.687387647e-07,9.327650933e-07,2.462998706e-06,4.257536948e-06,5.794550314e-06,7.118376095e-06,8.323184694e-06,9.149930004e-06,9.247668760e-06,8.655838736e-06,7.784116476e-06,6.953892306e-06,6.220555383e-06,5.728798053e-06,5.958152655e-06,7.287300173e-06,9.355831306e-06,1.120907064e-05,1.226865899e-05,1.294063541e-05,1.393894427e-05,1.504665866e-05,1.494731689e-05,1.257145041e-05,8.471583337e-06,4.540186829e-06,2.293222459e-06,1.628617657e-06,1.334120019e-06,5.026549061e-07,-8.982323246e-07,-2.717389602e-06,-5.283387970e-06,-8.946617265e-06,-1.313827699e-05,-1.641704550e-05,-1.771299180e-05,-1.729768884e-05,-1.621956756e-05,-1.486666896e-05,-1.248054875e-05,-8.297629029e-06,-2.956534398e-06,1.560868342e-06,3.459659722e-06,2.478951052e-06,-2.288695328e-07,-3.225524889e-06,-5.562700434e-06,-6.699240593e-06,-6.268789350e-06,-4.355343366e-06,-1.868770176e-06,-1.659838141e-07,4.675373061e-08,-5.755444967e-07,-5.964259931e-07,7.873386712e-07,2.910014535e-06,4.269395175e-06,4.069095051e-06,3.211897967e-06,3.744149678e-06,7.100530143e-06,1.259946125e-05,1.759301499e-05,1.939875872e-05,1.751924798e-05,1.411831213e-05,1.209345764e-05,1.240311105e-05,1.328716027e-05,1.230387458e-05,9.156162081e-06,6.259836573e-06,6.301565367e-06,9.338654670e-06,1.261207986e-05,1.333846947e-05,1.150097582e-05,9.717611499e-06,1.049480394e-05,1.386646771e-05,1.767163511e-05,1.971780810e-05,1.937111696e-05,1.731063695e-05,1.438901248e-05,1.108694426e-05,7.785797309e-06,5.026371319e-06,3.307202834e-06,2.838056947e-06,3.612258210e-06,5.478102542e-06,7.879931356e-06,9.734042481e-06,1.010638509e-05,9.268689553e-06,8.733175558e-06,9.744759528e-06,1.174874731e-05,1.284061421e-05,1.200604066e-05,1.053402193e-05,1.060951395e-05,1.245712698e-05,1.348681221e-05,1.081942080e-05,4.540449778e-06,-2.056019153e-06,-5.630991499e-06,-5.724439740e-06,-4.555163991e-06,-3.768951556e-06,-3.228220716e-06,-1.354395230e-06,1.110478926e-06,3.365729072e-06,1.940280179e-06
T7,3.105355996e-06,4.053185290e-06,1.182984047e-06,-6.124683007e-07,-2.510007115e-06,-2.591849452e-06,-1.400968353e-06,4.696144375e-08,-3.974662500e-07,-2.979348865e-06,-6.107918029e-06,-7.615915208e-06,-6.787036575e-06,-4.391435097e-06,-1.353904870e-06,1.968839570e-06,5.132125054e-06,7.046767544e-06,6.859243933e-06,5.234499902e-06,3.941594075e-06,3.770681727e-06,3.387223435e-06,9.541179905e-07,-3.199183467e-06,-6.297105750e-06,-5.943562826e-06,-2.820178265e-06,4.328030115e-08,6.127133758e-07,-1.756477586e-07,-1.526112157e-08,1.813552030e-06,3.791570800e-06,4.293157797e-06,3.491770125e-06,2.695813309e-06,2.399742050e-06,1.900661007e-06,8.445323545e-07,1.726273571e-07,7.726700736e-07,1.592215235e-06,1.571007047e-07,-4.573099039e-06,-1.042534416e-05,-1.379425999e-05,-1.316582729e-05,-1.033453579e-05,-8.031749691e-06,-6.982209462e-06,-5.839503400e-06,-3.634400589e-06,-1.310430338e-06,-4.393255598e-07,-1.064351743e-06,-1.675468590e-06,-1.316187530e-06,-8.941034568e-07,-1.838822457e-06,-3.863857817e-06,-4.913860499e-06,-3.602668675e-06,-1.143327895e-06,-2.221996540e-07,-1.968615437e-06,-4.532852468e-06,-4.941681306e-06,-2.154906676e-06,1.971664590e-06,4.627510639e-06,4.634567114e-06,3.120131654e-06,2.024379721e-06,2.245327552e-06,3.097941882e-06,3.212256821e-06,1.844809535e-06,-4.420480581e-07,-2.167669152e-06,-2.123259637e-06,-4.823540434e-07,1.209245448e-06,1.397274699e-06,7.870965971e-08,-1.108292615e-06,-6.010701143e-07,1.252657703e-06,2.317573452e-06,8.391033543e-07,-2.558506213e-06,-5.221875042e-06,-4.887084357e-06,-1.723786227e-06,1.948095095e-06,3.760279623e-06,3.056576173e-06,8.972293110e-07,-1.173948317e-06,-2.186644826e-06,-1.962272552e-06,-8.844720736e-07,2.897950460e-07,6.654211955e-07,-2.696817712e-07,-2.119013751e-06,-3.675620354e-06,-3.783928671e-06,-2.270815727e-06,-7.429052087e-08,1.556257397e-06,2.044792956e-06,1.803048991e-06,1.703849040e-06,2.290742293e-06,3.427573090e-06,4.582192215e-06,5.331636481e-06,5.551097277e-06,5.195601449e-06,4.106656804e-06,2.244691403e-06,1.236130355e-07,-1.245539644e-06,-1.163837869e-06,-5.279490532e-08,8.148960476e-07,6.572970812e-07,1.722572672e-07,8.362125072e-07,3.052069530e-06,5.277623750e-06,5.421638113e-06,3.160484788e-06,4.851337221e-07,-3.798971733e-07,5.477907516e-07,1.011856590e-06,-9.107911163e-07,-4.583529570e-06,-7.441009840e-06,-7.637562869e-06,-5.629696030e-06,-3.127196069e-06,-1.086273194e-06,7.105464721e-07,2.349642779e-06,2.974784997e-06,1.847261420e-06,-1.703619240e-07,-1.045406268e-06,1.755195925e-07,2.023227562e-06,2.112725031e-06,-2.078025152e-08,-2.112926836e-06,-1.508632840e-06,1.920598085e-06,5.554838433e-06,6.694324947e-06,5.166900091e-06,3.255216266e-06,3.379924564e-06,6.055052241e-06,9.770903539e-06,1.231584029e-05,1.217874007e-05,9.337248634e-06,5.358128047e-06,2.639831413e-06,2.813875552e-06,5.327876471e-06,7.738971206e-06,7.875349753e-06,5.860994967e-06,3.787102683e-06,3.306723171e-06,3.874869804e-06,3.670327315e-06,2.044084818e-06,4.966936911e-07,9.972321560e-07,3.686733299e-06,6.668223231e-06,7.970146663e-06,7.264047340e-06,5.555159708e-06,3.721225983e-06,1.918690606e-06,2.697982547e-07,-6.109024230e-07,-2.297738887e-07,9.633803210e-07,1.931437125e-06,2.257768328e-06,2.515180942e-06,3.196751139e-06,3.725777038e-06,3.112093185e-06,1.513400125e-06,4.600526235e-07,1.128254768e-06,2.807006850e-06,3.734231418e-06,3.403141858e-06,3.271069720e-06,4.694832778e-06,6.669315580e-06,6.545791003e-06,3.194776828e-06,-1.307584922e-06,-3.850751032e-06,-3.796490191e-06,-3.688303978e-06,-5.635914787e-06,-9.019101171e-06,-1.037305766e-05,-9.087829509e-06,-6.043313039e-06,-5.899442235e-06,-3.547575506e-06
C3,2.354867798e-06,2.563704470e-06,-1.409124908e-06,-5.021137695e-06,-7.988826286e-06,-8.296725362e-06,-6.480923070e-06,-3.724383156e-06,-2.123362645e-06,-2.268838885e-06,-3.145939740e-06,-3.087733434e-06,-1.633144638e-06,2.350262417e-07,1.563677607e-06,2.731282619e-06,4.805718330e-06,7.725627874e-06,9.774021250e-06,9.322019985e-06,6.853954005e-06,4.665205100e-06,4.353479024e-06,5.002002255e-06,4.249158206e-06,1.021570401e-06,-3.237174256e-06,-6.138146020e-06,-6.718975538e-06,-5.920680144e-06,-4.989917552e-06,-4.025493900e-06,-2.309028553e-06,3.859904669e-07,3.351985691e-06,5.768257516e-06,7.474689347e-06,8.687586792e-06,9.267367722e-06,8.696933066e-06,6.755475483e-06,3.816762419e-06,3.150158900e-07,-3.762970140e-06,-8.494766604e-06,-1.325299511e-05,-1.677522447e-05,-1.819497301e-05,-1.771724697e-05,-1.598147940e-05,-1.298070295e-05,-8.174270140e-06,-1.886021239e-06,3.852769260e-06,6.488236929e-06,5.191393916e-06,1.718650794e-06,-1.136104705e-06,-1.868853051e-06,-1.050366445e-06,-1.652052969e-07,-1.192458174e-07,-8.522910611e-07,-1.834617620e-06,-2.449536408e-06,-2.060939877e-06,-3.222945660e-07,2.272143963e-06,4.463363460e-06,5.321561796e-06,5.288171773e-06,5.775675138e-06,7.561495111e-06,9.827597558e-06,1.104527605e-05,1.063729519e-05,9.378467323e-06,8.153093359e-06,6.829262599e-06,4.787599345e-06,2.331238999e-06,9.155899103e-07,1.658382176e-06,3.936527888e-06,5.907268094e-06,6.397555725e-06,5.903265117e-06,5.628610098e-06,5.969067386e-06,6.373224699e-06,6.532497554e-06,7.085890214e-06,8.798408386e-06,1.131976966e-05,1.321979228e-05,1.330401831e-05,1.158760817e-05,8.885099303e-06,5.829528100e-06,2.700381185e-06,6.265701402e-08,-1.040753614e-06,5.170015712e-08,2.717913640e-06,5.379752524e-06,6.829938531e-06,7.079749353e-06,6.897379762e-06,6.804517370e-06,6.732559406e-06,6.436528206e-06,5.837906682e-06,4.921973467e-06,3.700385339e-06,2.561110644e-06,2.385971887e-06,3.810529033e-06,6.279276072e-06,8.276241463e-06,8.849845449e-06,8.684755537e-06,9.178265187e-06,1.043650303e-05,1.075367936e-05,8.532880602e-06,4.470487883e-06,1.195329919e-06,5.362460652e-07,1.595608846e-06,1.946798111e-06,4.707939326e-07,-1.641164954e-06,-2.823617051e-06,-3.393522094e-06,-5.176540958e-06,-8.995247798e-06,-1.327429414e-05,-1.557584546e-05,-1.515331602e-05,-1.340073758e-05,-1.182811325e-05,-1.027228831e-05,-7.556290280e-06,-3.560959475e-06,6.181096452e-08,1.436980063e-06,3.141273988e-07,-1.933671619e-06,-3.848703337e-06,-4.918654439e-06,-5.137005981e-06,-4.254157303e-06,-2.075300509e-06,6.632072884e-07,2.424632848e-06,2.328723136e-06,1.290641363e-06,1.261173760e-06,3.183336989e-06,5.902643640e-06,7.296133200e-06,6.460042092e-06,4.698917509e-06,4.369107466e-06,6.744457478e-06,1.084735336e-05,1.418511008e-05,1.473360819e-05,1.258623380e-05,9.916270523e-06,9.138206624e-06,1.070517999e-05,1.259521821e-05,1.224315817e-05,9.238705284e-06,5.997668995e-06,5.450377809e-06,8.005662104e-06,1.107122947e-05,1.176864645e-05,9.944017582e-06,8.213859269e-06,9.099890961e-06,1.246983520e-05,1.590466010e-05,1.718553341e-05,1.600252760e-05,1.342947628e-05,1.046600700e-05,7.540333140e-06,5.039827137e-06,3.532543305e-06,3.179432791e-06,3.363686833e-06,3.356459431e-06,3.208659529e-06,3.535040915e-06,4.404487877e-06,4.978272386e-06,4.605037828e-06,3.903992043e-06,4.112586633e-06,5.324998391e-06,6.068520019e-06,5.149119492e-06,3.528619035e-06,3.501261635e-06,5.744408995e-06,7.862592369e-06,6.617507271e-06,1.535501627e-06,-4.362618092e-06,-7.631910983e-06,-7.789543331e-06,-6.905628444e-06,-6.841203620e-06,-6.838166636e-06,-5.856182621e-06,-3.614109721e-06,-2.725876975e-06,-1.579526001e-06
Cz,1.705803085e-06,8.662460467e-07,-3.503457732e-06,-7.215381308e-06,-9.761666622e-06,-9.534111880e-06,-7.093618379e-06,-3.666696136e-06,-1.358230298e-06,-9.926997550e-07,-1.709023497e-06,-1.722556212e-06,-2.439150255e-07,1.906673937e-06,3.544707991e-06,4.626847301e-06,6.030650998e-06,7.913483117e-06,8.975389158e-06,7.923364123e-06,5.465187032e-06,4.101176380e-06,5.481650975e-06,8.246497117e-06,9.054593191e-06,5.934510828e-06,3.447486998e-07,-4.270221558e-06,-5.740742012e-06,-4.728037383e-06,-3.251926722e-06,-2.277748914e-06,-1.104197833e-06,1.187836864e-06,4.321193246e-06,7.098112505e-06,8.747238582e-06,9.566766249e-06,1.021200544e-05,1.067256130e-05,1.017234313e-05,7.968368096e-06,4.050050438e-06,-9.184956527e-07,-6.120806733e-06,-1.093105368e-05,-1.486024149e-05,-1.736383001e-05,-1.780734345e-05,-1.567964451e-05,-1.098737061e-05,-4.623239567e-06,1.654667485e-06,5.891343399e-06,6.978051538e-06,5.297825068e-06,2.397673604e-06,-5.058927719e-08,-1.146713508e-06,-9.497894995e-07,-1.260548233e-07,4.913702304e-07,2.931144740e-07,-7.011444236e-07,-1.657099573e-06,-1.396110405e-06,5.993738826e-07,3.581907698e-06,6.136094479e-06,7.513067826e-06,8.281094145e-06,9.550776874e-06,1.168279826e-05,1.397653786e-05,1.557333362e-05,1.629035339e-05,1.631831043e-05,1.538110262e-05,1.279411393e-05,8.634396363e-06,4.512535216e-06,2.617688741e-06,3.784626875e-06,6.712442593e-06,9.281379311e-06,1.050940552e-05,1.102218995e-05,1.177201151e-05,1.277404379e-05,1.335218990e-05,1.332084546e-05,1.339593117e-05,1.427978027e-05,1.565200301e-05,1.638086227e-05,1.566224369e-05,1.367788482e-05,1.111828963e-05,8.390640854e-06,5.565977098e-06,2.954645325e-06,1.325948743e-06,1.345297376e-06,2.920516327e-06,5.282768586e-06,7.673143941e-06,9.801678292e-06,1.165385563e-05,1.305917273e-05,1.360423840e-05,1.293089946e-05,1.107167791e-05,8.611145332e-06,6.633423962e-06,6.313180179e-06,8.104346152e-06,1.109661428e-05,1.346044583e-05,1.401653157e-05,1.346316430e-05,1.366200421e-05,1.538711767e-05,1.701196339e-05,1.596491498e-05,1.165571472e-05,6.548145522e-06,3.878368279e-06,4.379294461e-06,5.683746948e-06,5.064449693e-06,2.306170959e-06,-5.503914640e-07,-2.035999972e-06,-3.077571341e-06,-5.662763946e-06,-1.014827011e-05,-1.457188613e-05,-1.670099950e-05,-1.621112579e-05,-1.448091776e-05,-1.262112682e-05,-1.038745569e-05,-7.144929777e-06,-3.288961487e-06,-1.436178557e-07,1.398900756e-06,1.578137085e-06,9.977523848e-07,-2.726603479e-07,-2.293936472e-06,-4.191741514e-06,-4.307650930e-06,-1.926394513e-06,1.431835918e-06,3.096448133e-06,1.908192208e-06,-4.308716522e-07,-9.531891046e-07,1.637119657e-06,5.748946714e-06,8.563098180e-06,8.739683468e-06,7.531446230e-06,7.498485361e-06,1.023918529e-05,1.507336404e-05,1.952784483e-05,2.112853233e-05,1.923752839e-05,1.559904385e-05,1.299267143e-05,1.288218065e-05,1.414132230e-05,1.429345324e-05,1.225481365e-05,9.729026409e-06,9.539737265e-06,1.250445601e-05,1.628950569e-05,1.768257503e-05,1.591620382e-05,1.342353194e-05,1.323412481e-05,1.589575532e-05,1.914976051e-05,2.038581853e-05,1.899680154e-05,1.631300447e-05,1.374829668e-05,1.151216388e-05,9.074545274e-06,6.389204729e-06,4.308360933e-06,3.874292405e-06,5.386894391e-06,8.086920566e-06,1.055204981e-05,1.150303724e-05,1.064784702e-05,9.005945375e-06,8.172170718e-06,8.838999320e-06,1.000128975e-05,9.994079353e-06,8.530691028e-06,7.373909419e-06,8.472297324e-06,1.142167439e-05,1.333138049e-05,1.164641901e-05,6.898431500e-06,2.167100297e-06,-1.547544629e-07,-6.708847498e-07,-1.396856610e-06,-3.176694108e-06,-4.198362352e-06,-3.506267155e-06,-1.472970606e-06,-1.742084706e-06,-1.802739617e-06
CP5,1.989121901e-06,1.779494530e-06,-1.052632965e-06,-2.660572343e-06,-4.271946194e-06,-5.105419246e-06,-5.032602461e-06,-3.499395353e-06,-1.569305865e-06,-6.403079353e-07,-1.308102825e-06,-2.444882112e-06,-2.448099789e-06,-8.682921039e-07,1.324363107e-06,3.008575679e-06,4.011934351e-06,4.800999550e-06,5.482916080e-06,5.620467703e-06,5.025263908e-06,4.226680174e-06,3.786143071e-06,3.350026038e-06,1.858840402e-06,-1.147418511e-06,-4.702355318e-06,-7.142439729e-06,-7.582894946e-06,-6.490623184e-06,-4.899574989e-06,-3.390452338e-06,-1.941548891e-06,-4.425718047e-07,1.045152199e-06,2.502536770e-06,4.021888118e-06,5.434078581e-06,6.096278805e-06,5.397358621e-06,3.467390773e-06,1.078155744e-06,-1.279690615e-06,-3.934763481e-06,-7.351798929e-06,-1.105042006e-05,-1.365526614e-05,-1.422064857e-05,-1.321211313e-05,-1.181793597e-05,-1.040102749e-05,-8.122564659e-06,-4.349754732e-06,-1.115546736e-07,2.365050019e-06,1.721488983e-06,-1.160898996e-06,-4.003373001e-06,-5.182333200e-06,-4.808844648e-06,-4.032825961e-06,-3.745175759e-06,-4.061264653e-06,-4.621076996e-06,-4.902892444e-06,-4.313012809e-06,-2.503725616e-06,7.234683567e-08,2.184179358e-06,2.854185607e-06,2.439964809e-06,2.370980283e-06,3.617634454e-06,5.624833288e-06,7.000080664e-06,7.085207437e-06,6.439161486e-06,5.734807736e-06,4.713436155e-06,2.743734643e-06,2.462880945e-07,-1.139205059e-06,-2.340728687e-07,2.112326342e-06,3.670854596e-06,3.140323057e-06,1.441197967e-06,5.088390321e-07,1.133092387e-06,2.438480343e-06,3.401095989e-06,4.257215905e-06,5.996950474e-06,8.744193881e-06,1.121974521e-05,1.195436501e-05,1.064871751e-05,8.071301913e-06,4.959071504e-06,1.599844214e-06,-1.467736922e-06,-3.020618706e-06,-2.098300383e-06,6.316019084e-07,3.028994070e-06,3.424430392e-06,2.297723694e-06,1.703064523e-06,2.980783491e-06,5.269612261e-06,6.402497199e-06,5.121860139e-06,2.268214454e-06,-8.564821918e-08,-4.483304793e-07,1.066735120e-06,3.146030961e-06,4.457353750e-06,4.616906529e-06,4.344878239e-06,4.738752206e-06,6.141571858e-06,7.563024439e-06,7.411004610e-06,5.093649307e-06,1.892226199e-06,-4.578642589e-08,2.465697004e-07,1.655991349e-06,2.290269206e-06,1.513312771e-06,3.621014427e-07,-4.421966860e-08,-3.211026319e-08,-9.035234325e-07,-3.125402367e-06,-5.567468753e-06,-6.798493146e-06,-6.746752895e-06,-6.549779436e-06,-6.815093709e-06,-6.649394748e-06,-4.841663443e-06,-1.729773326e-06,7.260445236e-07,9.278801132e-07,-6.669478095e-07,-2.155347034e-06,-2.275862183e-06,-1.440885937e-06,-6.862865998e-07,-1.611382715e-07,8.384139615e-07,2.509937756e-06,3.872314721e-06,3.825022300e-06,2.617096798e-06,1.769807363e-06,2.413198345e-06,3.988276763e-06,4.853744991e-06,4.102405363e-06,2.567050538e-06,2.006961270e-06,3.430390118e-06,6.219156518e-06,8.720576676e-06,9.616512037e-06,8.923600195e-06,7.925997332e-06,8.094613626e-06,9.743064228e-06,1.154404644e-05,1.157446201e-05,9.202863528e-06,6.021279063e-06,4.629046796e-06,6.223874827e-06,9.424106745e-06,1.164728067e-05,1.166063789e-05,1.062516735e-05,1.062851638e-05,1.243492971e-05,1.483979707e-05,1.601754416e-05,1.513255923e-05,1.262830545e-05,9.429338841e-06,6.307283486e-06,3.882398620e-06,2.651562872e-06,2.639373501e-06,3.209724056e-06,3.583175399e-06,3.554564012e-06,3.440719116e-06,3.319244372e-06,2.736746528e-06,1.482176434e-06,3.468923478e-07,4.866513273e-07,1.859996772e-06,2.844162698e-06,1.978583046e-06,-5.973735501e-08,-9.176938049e-07,6.587086632e-07,2.966390858e-06,2.907627844e-06,-5.896749343e-07,-5.298394484e-06,-8.061884373e-06,-8.204804296e-06,-7.443463198e-06,-7.818376303e-06,-8.454024292e-06,-8.469066306e-06,-6.575429533e-06,-6.207220300e-06,-3.498475097e-06
CP1,1.649612190e-06,1.886098241e-06,-1.445308181e-06,-5.549887083e-06,-9.510165765e-06,-1.077566392e-05,-9.050463471e-06,-5.500699886e-06,-2.521830412e-06,-1.242405149e-06,-9.952236058e-07,-2.639448884e-07,1.441981097e-06,3.198294092e-06,4.023938741e-06,4.227540717e-06,4.975863879e-06,6.611349551e-06,7.935650862e-06,7.536192782e-06,5.597858979e-06,3.865646536e-06,3.620895061e-06,4.049653562e-06,3.045191992e-06,-3.809185653e-07,-4.830720332e-06,-7.814575719e-06,-8.095148627e-06,-6.531425061e-06,-4.776723132e-06,-3.557167094e-06,-2.362809339e-06,-4.795794228e-07,2.102941968e-06,4.800267567e-06,7.059214189e-06,8.632478237e-06,9.409084255e-06,9.282979901e-06,8.218089157e-06,6.219614298e-06,3.161376217e-06,-1.121487935e-06,-6.324921965e-06,-1.136679821e-05,-1.492662616e-05,-1.643882289e-05,-1.634890064e-05,-1.519583419e-05,-1.264828495e-05,-7.911765095e-06,-1.279488511e-06,5.060080756e-06,8.296625110e-06,7.346640310e-06,3.870655077e-06,8.421843418e-07,8.958257578e-08,1.151232887e-06,2.221967622e-06,1.900784019e-06,9.959958866e-08,-2.243697005e-06,-3.903861176e-06,-3.936407178e-06,-2.058145022e-06,1.133038343e-06,4.389151533e-06,6.593867009e-06,7.517224228e-06,7.799877510e-06,8.203438627e-06,8.962985003e-06,9.833280848e-06,1.048876772e-05,1.062755636e-05,9.821915931e-06,7.729013631e-06,4.744000358e-06,2.241860573e-06,1.718095760e-06,3.475028658e-06,6.298687992e-06,8.590903025e-06,9.729035449e-06,1.017837646e-05,1.045441932e-05,1.041344600e-05,9.759842598e-06,8.923249236e-06,8.931024254e-06,1.028946229e-05,1.229281192e-05,1.367497380e-05,1.378063932e-05,1.281994057e-05,1.109560959e-05,8.496401134e-06,5.076344295e-06,1.842629571e-06,3.695005061e-07,1.361969251e-06,3.836950689e-06,6.023509009e-06,7.031124779e-06,7.416631451e-06,8.156177988e-06,9.391968192e-06,1.036384929e-05,1.032057447e-05,9.173869857e-06,7.365045234e-06,5.543563310e-06,4.544136469e-06,5.223405449e-06,7.715244529e-06,1.081540174e-05,1.266143682e-05,1.245569872e-05,1.131661741e-05,1.095600623e-05,1.150257458e-05,1.116091241e-05,8.389409938e-06,4.092564789e-06,1.026431841e-06,8.934676494e-07,2.511162086e-06,3.242737245e-06,1.931469333e-06,-2.038127620e-07,-1.622628534e-06,-2.667474726e-06,-5.040167323e-06,-9.267264303e-06,-1.349493983e-05,-1.525857160e-05,-1.408691058e-05,-1.177621117e-05,-1.012820878e-05,-9.035577449e-06,-7.156938481e-06,-4.070342851e-06,-1.084804273e-06,1.832793708e-07,-4.791213529e-07,-1.942313394e-06,-3.163327924e-06,-3.969748530e-06,-4.405656768e-06,-3.966625735e-06,-2.093051238e-06,6.955694071e-07,2.786954021e-06,2.972510141e-06,1.765760783e-06,8.764106732e-07,1.360068086e-06,2.555714622e-06,2.967692310e-06,2.003024935e-06,6.485524548e-07,5.219382921e-07,2.436795568e-06,5.823449649e-06,9.255825165e-06,1.143613098e-05,1.196088019e-05,1.149789188e-05,1.121776138e-05,1.172466542e-05,1.236887429e-05,1.183832968e-05,9.724646422e-06,7.414205948e-06,7.012043058e-06,9.153811963e-06,1.212289526e-05,1.351481638e-05,1.281019003e-05,1.199338390e-05,1.343155379e-05,1.730728425e-05,2.137011877e-05,2.311756649e-05,2.191558211e-05,1.896781152e-05,1.567602848e-05,1.250657639e-05,9.377956394e-06,6.580854084e-06,4.871784368e-06,4.741708363e-06,5.898649686e-06,7.511253681e-06,8.746071538e-06,9.049342340e-06,8.268452915e-06,6.837439522e-06,5.694907370e-06,5.553263686e-06,6.078660600e-06,6.135109421e-06,5.188526903e-06,4.274535118e-06,5.024376966e-06,7.538165521e-06,9.672021111e-06,8.970548677e-06,5.270707852e-06,9.167014202e-07,-1.743316994e-06,-2.719613434e-06,-3.608765466e-06,-5.266141196e-06,-6.272362104e-06,-5.445603086e-06,-3.005277458e-06,-1.886651468e-06,-1.183379061e-06
P7,5.020319087e-07,-8.162946525e-07,-2.800471464e-06,-3.318250294e-06,-2.682501672e-06,-1.047940010e-06,6.399026500e-07,1.506734440e-06,9.571780084e-07,-3.385398105e-07,-9.499604000e-07,-1.075951062e-07,1.218863093e-06,1.309389747e-06,-1.719548874e-07,-1.485327789e-06,-7.110112971e-07,1.840333041e-06,3.675164537e-06,2.758430322e-06,-3.098777375e-07,-3.128458419e-06,-4.217244338e-06,-4.291150856e-06,-4.752695467e-06,-5.637048218e-06,-5.737847726e-06,-4.550532717e-06,-3.202503467e-06,-3.006635869e-06,-3.638322410e-06,-3.566025147e-06,-2.300470452e-06,-1.387373321e-06,-2.548432859e-06,-5.193139574e-06,-6.618540447e-06,-4.943158712e-06,-1.295971794e-06,1.408571960e-06,1.590988413e-06,2.655194649e-07,-8.183873130e-07,-1.481036493e-06,-2.887889467e-06,-5.358118541e-06,-7.377453641e-06,-7.263693710e-06,-5.281616411e-06,-3.335956692e-06,-2.579654340e-06,-2.081900353e-06,-3.556148457e-07,2.232204636e-06,3.402045877e-06,1.543883932e-06,-2.175602327e-06,-4.820380199e-06,-4.697414683e-06,-2.906606871e-06,-1.798360767e-06,-2.333982265e-06,-3.364880172e-06,-3.328898401e-06,-2.102213381e-06,-9.213818794e-07,-7.693187070e-07,-1.245437628e-06,-1.069919596e-06,5.489434281e-07,3.168364175e-06,5.563617169e-06,6.775032707e-06,6.814658082e-06,6.522688857e-06,6.701966280e-06,7.218694612e-06,6.962852468e-06,4.972531046e-06,1.794999060e-06,-4.773326710e-07,3.743177559e-08,3.039337174e-06,6.063660311e-06,6.762679156e-06,5.153872615e-06,3.387262373e-06,3.298920007e-06,4.529151131e-06,5.282486639e-06,4.686438010e-06,3.895348245e-06,4.709315612e-06,7.462275648e-06,1.064971681e-05,1.253258897e-05,1.268118139e-05,1.181216515e-05,1.052742787e-05,8.720272250e-06,6.222246320e-06,3.559292689e-06,1.691043640e-06,1.080734897e-06,1.293912810e-06,1.550073142e-06,1.480179832e-06,1.297516426e-06,1.454537813e-06,2.300232434e-06,3.867081650e-06,5.641229957e-06,6.557624726e-06,5.694449548e-06,3.375921947e-06,1.430825444e-06,1.821595852e-06,4.709596460e-06,8.059010330e-06,9.450570788e-06,8.272350593e-06,5.923038677e-06,3.951891608e-06,2.457846802e-06,6.002215847e-07,-1.672050846e-06,-3.092320550e-06,-2.533506835e-06,-5.757747365e-07,9.079350286e-07,7.286318100e-07,-4.873472786e-07,-1.323248069e-06,-1.333795487e-06,-1.287696029e-06,-1.718252843e-06,-1.853545228e-06,-4.933627698e-07,2.173403280e-06,4.150478376e-06,3.361334597e-06,-2.678977236e-07,-4.594925482e-06,-7.090062648e-06,-6.825927969e-06,-4.860076720e-06,-3.022937645e-06,-2.458360686e-06,-3.055890562e-06,-3.888164177e-06,-4.068727820e-06,-3.369057564e-06,-2.198790940e-06,-1.015040940e-06,2.396909939e-07,1.980527839e-06,4.161638478e-06,5.776921830e-06,5.527738324e-06,3.157433571e-06,-4.595707363e-08,-2.286770398e-06,-2.744060948e-06,-1.873319407e-06,-4.363371291e-07,1.226505621e-06,2.727217379e-06,3.024200971e-06,1.243386051e-06,-1.613609724e-06,-2.573882746e-06,6.544471470e-07,6.776556462e-06,1.146523296e-05,1.155095144e-05,8.466078711e-06,6.778315061e-06,9.083400400e-06,1.299322279e-05,1.383002809e-05,1.005200304e-05,5.143498369e-06,3.764141513e-06,6.625056674e-06,9.929201717e-06,9.764211392e-06,6.202386921e-06,2.617911159e-06,1.573794638e-06,2.333116835e-06,2.510530620e-06,1.258472725e-06,5.634436000e-09,2.850126548e-07,1.740433520e-06,2.710622813e-06,2.295813666e-06,1.186069180e-06,4.766998312e-07,2.661523687e-07,-2.492753638e-07,-1.616355259e-06,-3.481260274e-06,-4.989196636e-06,-5.390044633e-06,-4.214204337e-06,-1.405981627e-06,2.225535657e-06,4.908427545e-06,4.949882369e-06,2.246579559e-06,-1.489050133e-06,-4.308222785e-06,-5.816307617e-06,-6.825855524e-06,-7.894118457e-06,-7.957587542e-06,-6.388998149e-06,-3.509097979e-06,-2.208927539e-06,-1.346907789e-06
P3,1.144732970e-06,1.590525392e-06,-3.466079390e-07,-3.466567330e-06,-7.104908477e-06,-8.464187558e-06,-6.431629116e-06,-2.318519945e-06,6.646002022e-07,8.063693110e-07,-6.852805903e-07,-1.165229908e-06,4.539030027e-07,2.800386477e-06,3.957257870e-06,3.654906521e-06,3.149082163e-06,3.315705238e-06,3.640233702e-06,3.302154344e-06,2.620424351e-06,2.708012522e-06,3.756193553e-06,4.378704071e-06,3.122786345e-06,3.373294865e-07,-2.019646656e-06,-2.491793732e-06,-1.600727788e-06,-9.806439432e-07,-1.396333055e-06,-2.092891677e-06,-2.015167992e-06,-1.073495460e-06,1.268617100e-07,1.408970056e-06,3.230169816e-06,5.676545659e-06,7.785132961e-06,8.314402937e-06,7.032965929e-06,4.824816965e-06,2.513805214e-06,4.332828756e-08,-2.922745343e-06,-5.977549000e-06,-8.144053726e-06,-9.088554803e-06,-9.553866493e-06,-1.012501593e-05,-9.883899923e-06,-7.062824374e-06,-1.385474808e-06,4.658016865e-06,7.509919023e-06,5.740000410e-06,1.374141640e-06,-2.050082117e-06,-2.606028933e-06,-1.162652424e-06,1.224751298e-07,7.399159726e-09,-1.085953267e-06,-1.936080607e-06,-1.665215540e-06,-1.888052336e-07,1.940266412e-06,3.905545514e-06,5.124463148e-06,5.701498413e-06,6.329195688e-06,7.478470365e-06,8.693056435e-06,8.998371767e-06,8.152963872e-06,7.187702878e-06,7.312481058e-06,8.350125475e-06,8.720192488e-06,7.243607634e-06,4.691905397e-06,3.138087903e-06,3.799091399e-06,5.909778485e-06,7.846324026e-06,8.919629282e-06,9.616743947e-06,1.032215469e-05,1.057989564e-05,1.000859903e-05,9.437018587e-06,1.032064030e-05,1.288072536e-05,1.543158740e-05,1.606368087e-05,1.474603727e-05,1.316543037e-05,1.243986559e-05,1.165193889e-05,9.181364723e-06,5.185127561e-06,1.969177365e-06,1.585046858e-06,3.513350955e-06,5.257912957e-06,5.127949656e-06,3.907943046e-06,3.622157956e-06,5.095233101e-06,7.148349068e-06,8.004334172e-06,6.994400565e-06,4.868970924e-06,2.995513035e-06,2.604449973e-06,4.351218179e-06,7.793283885e-06,1.113916314e-05,1.224598941e-05,1.059151101e-05,8.116933632e-06,7.398511989e-06,8.712396438e-06,9.449085202e-06,7.014569972e-06,2.100936313e-06,-1.658174968e-06,-1.549432634e-06,1.241989992e-06,3.051342418e-06,1.855634912e-06,-7.800750683e-07,-2.045125669e-06,-1.401686597e-06,-9.705049399e-07,-2.607359095e-06,-5.556056554e-06,-7.515805508e-06,-7.460001947e-06,-6.516621102e-06,-6.056396983e-06,-5.822267693e-06,-4.610408298e-06,-2.366001354e-06,-6.416078660e-07,-6.996701502e-07,-1.841108306e-06,-2.286347693e-06,-1.491762151e-06,-8.174730743e-07,-1.623772248e-06,-3.275284124e-06,-3.676729170e-06,-1.697274036e-06,1.535511904e-06,3.964884326e-06,4.755649376e-06,4.659025338e-06,4.484739129e-06,3.925597309e-06,2.233091021e-06,-3.325385563e-07,-2.280024947e-06,-2.183179256e-06,8.178533653e-08,3.418075378e-06,6.465031930e-06,8.296014841e-06,8.596584170e-06,7.785232013e-06,7.032803563e-06,7.565432314e-06,9.416534470e-06,1.103363569e-05,1.069336432e-05,8.497439971e-06,6.557005637e-06,6.808325668e-06,8.846420038e-06,1.043979016e-05,1.027288151e-05,9.648855241e-06,1.099117559e-05,1.482995068e-05,1.884527383e-05,2.011263966e-05,1.794295687e-05,1.417523143e-05,1.093555318e-05,8.698857894e-06,6.688326749e-06,4.598805178e-06,3.257045044e-06,3.539446111e-06,5.128313033e-06,6.681766110e-06,7.100119194e-06,6.394421494e-06,5.413414230e-06,4.995275334e-06,5.351725603e-06,5.910233875e-06,5.591593528e-06,3.622011580e-06,5.640855701e-07,-1.539842578e-06,-7.052093889e-07,2.839046729e-06,6.276540059e-06,6.583553295e-06,3.483243323e-06,-2.943753808e-07,-1.886859708e-06,-1.212349440e-06,-4.319566297e-07,-1.228045649e-06,-2.598406225e-06,-3.008925480e-06,-1.908695946e-06,-1.595810412e-06,-1.130677813e-06
Pz,-2.958784966e-06,-5.597420940e-06,-9.186213339e-06,-1.592640434e-05,-1.809191710e-05,-1.254753873e-05,-1.143511487e-06,8.742708285e-06,1.242676092e-05,1.093806038e-05,8.970627447e-06,8.928415665e-06,9.084633714e-06,6.835436026e-06,2.556477693e-06,-7.638991724e-07,-1.160960218e-06,1.920945455e-07,7.013536242e-07,-6.991475590e-07,-2.909166772e-06,-4.366004579e-06,-4.384400998e-06,-2.820868532e-06,4.600084774e-07,4.939337208e-06,8.750628801e-06,9.766361246e-06,7.725811743e-06,4.592141374e-06,2.256994226e-06,4.030323931e-07,-2.502314021e-06,-6.251710204e-06,-8.143642006e-06,-5.980501269e-06,-1.211599450e-06,2.106663359e-06,1.691728384e-06,-5.699097641e-07,-1.243905403e-06,3.592033265e-07,1.706016512e-06,8.204677931e-07,-8.823550493e-07,-6.313238307e-07,1.504710653e-06,2.110719887e-06,-1.276705980e-06,-6.469775972e-06,-8.536389394e-06,-5.280804451e-06,3.436992192e-07,3.705623864e-06,3.370107098e-06,1.536553693e-06,2.512622255e-07,-1.113443402e-06,-3.925379531e-06,-7.107301599e-06,-7.571491346e-06,-3.954041918e-06,1.438669157e-06,5.279355762e-06,7.037745028e-06,8.918965816e-06,1.215780932e-05,1.488397928e-05,1.457887896e-05,1.172011338e-05,9.426329148e-06,9.383913322e-06,9.640329507e-06,7.515624288e-06,3.798355637e-06,2.246607681e-06,4.547045103e-06,7.356894100e-06,5.924849544e-06,2.948265586e-07,-3.780636179e-06,-9.118667076e-07,7.900372355e-06,1.648844433e-05,2.043952388e-05,2.137862713e-05,2.381402010e-05,2.892288670e-05,3.298048610e-05,3.193686155e-05,2.616646305e-05,1.983601385e-05,1.632795608e-05,1.548116981e-05,1.520952650e-05,1.440447320e-05,1.333455714e-05,1.201258455e-05,9.743221250e-06,6.740387885e-06,5.140733644e-06,7.273114474e-06,1.293162551e-05,1.909842560e-05,2.262690276e-05,2.277498349e-05,2.092633923e-05,1.846246491e-05,1.560415020e-05,1.208129333e-05,7.985233496e-06,3.588380069e-06,-9.916921013e-07,-5.274381707e-06,-8.021216749e-06,-8.428566440e-06,-7.842712552e-06,-9.060334188e-06,-1.280425199e-05,-1.541283689e-05,-1.171200061e-05,-1.056787182e-06,1.037207313e-05,1.470061121e-05,1.000664909e-05,1.966089330e-06,-2.491406821e-06,-2.251143283e-06,-1.830762200e-06,-4.821066488e-06,-9.349398991e-06,-1.095611898e-05,-8.782189341e-06,-7.028273239e-06,-9.933616891e-06,-1.667113198e-05,-2.229221651e-05,-2.306337318e-05,-1.950854627e-05,-1.421506560e-05,-8.323695741e-06,-1.492249315e-06,5.452183738e-06,9.802152606e-06,9.722390581e-06,6.648367755e-06,3.686819759e-06,1.930205067e-06,-3.093191389e-07,-4.244442875e-06,-7.901833068e-06,-8.021504070e-06,-4.364157048e-06,-6.394210483e-07,-4.224081213e-07,-2.998878613e-06,-4.339276673e-06,-1.930932572e-06,2.553684010e-06,5.736252479e-06,6.558184906e-06,6.769704677e-06,7.925997560e-06,9.398120123e-06,9.862441998e-06,9.546534679e-06,9.682640039e-06,1.011979657e-05,9.093981041e-06,6.034275670e-06,3.353924374e-06,3.890593492e-06,6.739835323e-06,7.344447176e-06,2.796240477e-06,-3.795489181e-06,-5.734448357e-06,2.378076990e-07,1.041672903e-05,1.822263157e-05,2.094331425e-05,2.132973319e-05,2.294269023e-05,2.562654468e-05,2.644925975e-05,2.396834691e-05,1.984764899e-05,1.619063652e-05,1.291078795e-05,8.840972260e-06,4.491941284e-06,1.950729759e-06,1.826488499e-06,1.908401016e-06,1.202891130e-07,-1.957003815e-06,-2.631990931e-07,6.628826292e-06,1.493311070e-05,1.934031497e-05,1.864796063e-05,1.628212471e-05,1.523501147e-05,1.426954825e-05,1.045930886e-05,4.441452200e-06,8.357039990e-07,2.671506727e-06,7.009757640e-06,7.888877392e-06,3.268699800e-06,-2.755038114e-06,-5.331823521e-06,-4.288192273e-06,-3.777069999e-06,-4.480866052e-06,-3.854193701e-06,3.256541095e-06,1.165340297e-05,1.869416135e-05,9.521203561e-06
POz,-4.719886453e-06,-6.254949651e-06,-5.389344467e-06,-1.083060695e-05,-1.584344051e-05,-1.644461119e-05,-9.990790802e-06,-6.437937803e-07,7.292968515e-06,1.175814254e-05,1.386691825e-05,1.456215844e-05,1.353161711e-05,1.055749131e-05,6.880721961e-06,4.095932821e-06,2.158139089e-06,-3.801271968e-07,-3.937393924e-06,-6.674327001e-06,-6.506167218e-06,-3.949779361e-06,-1.942390271e-06,-2.519426269e-06,-4.385230496e-06,-4.439784418e-06,-1.417385935e-06,2.734789197e-06,5.126934737e-06,4.784788376e-06,2.809705218e-06,3.961757050e-07,-2.224358959e-06,-4.801775380e-06,-6.161219649e-06,-5.251699528e-06,-2.800589485e-06,-9.012956550e-07,-6.392331857e-07,-8.857105986e-07,-1.157613065e-07,1.084986124e-06,4.682584902e-07,-2.639912412e-06,-5.556673494e-06,-4.792495030e-06,-2.868582601e-07,3.927523469e-06,3.862105884e-06,-1.212486160e-07,-3.804798879e-06,-3.705842198e-06,-4.241843129e-07,2.667483441e-06,3.159560577e-06,1.319780548e-06,-1.316728911e-06,-3.730857466e-06,-5.384787613e-06,-5.502109426e-06,-3.654643293e-06,-9.642755731e-07,5.278253940e-07,3.934769641e-07,9.643426544e-07,4.779960098e-06,1.088840611e-05,1.486449243e-05,1.333040607e-05,7.925895237e-06,3.761856114e-06,3.896231498e-06,6.319757686e-06,6.927859015e-06,4.612285059e-06,2.199404361e-06,2.435738278e-06,4.435830448e-06,5.049021494e-06,3.041138149e-06,5.523913475e-07,2.522266549e-07,2.344130682e-06,5.359781408e-06,9.096218155e-06,1.499889706e-05,2.307855945e-05,2.981936726e-05,3.081059274e-05,2.556457772e-05,1.851155332e-05,1.450355619e-05,1.401138907e-05,1.366966404e-05,1.115960409e-05,8.116646309e-06,7.546260285e-06,9.374692640e-06,1.003776215e-05,6.713436254e-06,9.230081616e-07,-2.845091106e-06,-1.675341004e-06,3.321268872e-06,8.787165719e-06,1.227493847e-05,1.329328380e-05,1.227744822e-05,9.799776710e-06,6.768806841e-06,4.221935557e-06,2.207648359e-06,-4.923432717e-07,-4.603068595e-06,-8.573796022e-06,-9.756994654e-06,-7.852430240e-06,-6.139999521e-06,-7.972920182e-06,-1.217330129e-05,-1.337229481e-05,-7.881573627e-06,1.455132267e-06,7.536458919e-06,6.261979182e-06,5.132320557e-07,-3.611711394e-06,-3.581693456e-06,-2.253636356e-06,-3.284134937e-06,-6.499269288e-06,-8.907507656e-06,-9.287393553e-06,-9.838191749e-06,-1.280143225e-05,-1.692502028e-05,-1.875288917e-05,-1.703526963e-05,-1.424775378e-05,-1.310698030e-05,-1.276782667e-05,-9.915063322e-06,-3.473362692e-06,3.218145634e-06,5.734087163e-06,3.337820945e-06,-5.796008974e-07,-2.588631811e-06,-2.586863668e-06,-2.703552703e-06,-3.926762944e-06,-5.029302280e-06,-4.646527555e-06,-3.151595221e-06,-1.868192766e-06,-1.253573663e-06,-8.735085003e-07,-8.713438946e-07,-2.174735027e-06,-4.711219808e-06,-6.387334297e-06,-5.044006817e-06,-1.305846675e-06,1.680600691e-06,1.875287256e-06,8.772060023e-07,1.878042314e-06,5.449304989e-06,8.633357300e-06,8.642372059e-06,6.365302410e-06,5.036692751e-06,5.829850240e-06,6.309737596e-06,3.915759676e-06,-1.330289563e-07,-1.807786960e-06,1.014043153e-06,6.209808425e-06,1.042169911e-05,1.328019209e-05,1.719205460e-05,2.314003190e-05,2.839219810e-05,2.941814810e-05,2.617455728e-05,2.196339640e-05,1.901300247e-05,1.577054584e-05,9.632797886e-06,1.441790479e-06,-4.480723052e-06,-5.137163448e-06,-2.379770686e-06,-5.878810618e-07,-1.453557011e-06,-2.401242500e-06,-2.460431524e-07,4.944399204e-06,1.045562243e-05,1.433209221e-05,1.656312024e-05,1.700145289e-05,1.414021187e-05,7.522640394e-06,5.068915736e-07,-1.631778127e-06,2.661078501e-06,8.653426009e-06,9.844853139e-06,4.822816599e-06,-1.660545067e-06,-4.664260821e-06,-4.309049866e-06,-4.583022120e-06,-6.417295462e-06,-7.053228336e-06,-2.305316560e-06,4.422423267e-06,9.925587746e-06,5.257089848e-06
O1,-2.780611959e-06,-4.996256487e-06,-5.292793483e-06,-7.245090834e-06,-8.121923309e-06,-7.586378703e-06,-5.236472742e-06,-2.888471288e-06,-1.608081356e-06,-1.121289088e-06,3.004947509e-07,3.489016982e-06,7.116532440e-06,8.768596714e-06,7.519817875e-06,5.019364840e-06,3.705055961e-06,4.109234896e-06,4.373699509e-06,2.545855341e-06,-1.036581048e-06,-4.030668202e-06,-4.625685404e-06,-3.358053452e-06,-2.277465426e-06,-2.703591516e-06,-4.184631201e-06,-5.459257841e-06,-5.837228744e-06,-5.410640903e-06,-4.426810203e-06,-3.120787600e-06,-2.136613311e-06,-2.390047421e-06,-3.966463207e-06,-5.430725506e-06,-4.947427322e-06,-2.355182772e-06,3.028493425e-07,7.877434722e-07,-9.100440177e-07,-2.612615513e-06,-2.500872516e-06,-1.141453647e-06,-5.755513909e-07,-1.667640308e-06,-3.027856678e-06,-2.779120339e-06,-8.564760689e-07,1.053602728e-06,1.736542738e-06,1.893106011e-06,2.949763248e-06,4.834761731e-06,5.674008403e-06,3.926779654e-06,3.877584312e-07,-2.392874650e-06,-2.624949147e-06,-8.818622956e-07,8.236018802e-07,1.180748426e-06,5.484663146e-07,6.304783114e-08,2.950325946e-07,9.456806277e-07,1.528593408e-06,1.961195431e-06,2.480033120e-06,3.252989375e-06,4.226045652e-06,5.235234583e-06,6.138034952e-06,6.895485483e-06,7.627435326e-06,8.501537659e-06,9.384757234e-06,9.634516087e-06,8.533522921e-06,6.164019005e-06,3.723609446e-06,2.648495020e-06,3.295366632e-06,4.639353288e-06,5.379963504e-06,5.182998733e-06,4.658408121e-06,4.315245624e-06,4.004929734e-06,3.557813539e-06,3.533874564e-06,4.764532294e-06,7.111316403e-06,9.208009266e-06,9.846039642e-06,9.390665087e-06,9.288708510e-06,1.006951760e-05,1.033527174e-05,8.214653508e-06,3.690849178e-06,-1.019969340e-06,-3.587205103e-06,-3.723701824e-06,-2.949652531e-06,-2.496361210e-06,-2.018123180e-06,-5.041801638e-07,2.058000649e-06,4.451652549e-06,5.542882002e-06,5.316797452e-06,4.482236724e-06,3.532120199e-06,2.635951031e-06,2.195243614e-06,2.786317203e-06,4.266710552e-06,5.424177322e-06,5.102645673e-06,3.590520415e-06,2.292171735e-06,1.805049765e-06,8.908754364e-07,-1.972298827e-06,-6.136877784e-06,-8.709740338e-06,-7.489824373e-06,-3.670752232e-06,-9.257735314e-07,-1.638576015e-06,-4.524187962e-06,-6.338305844e-06,-5.581443753e-06,-3.873886720e-06,-3.636963101e-06,-5.120122467e-06,-6.322481381e-06,-5.629653027e-06,-3.799627348e-06,-3.026777439e-06,-4.455309051e-06,-7.103596739e-06,-9.111002489e-06,-9.497051135e-06,-8.528954571e-06,-6.887974326e-06,-5.077775955e-06,-3.583171728e-06,-2.947247520e-06,-3.213346203e-06,-3.479229381e-06,-2.509212711e-06,1.323934131e-08,3.034987984e-06,5.078816660e-06,5.502507124e-06,4.676463737e-06,3.112675865e-06,8.231303750e-07,-2.311103700e-06,-5.801988226e-06,-8.513872008e-06,-9.402851902e-06,-8.188498645e-06,-5.382149727e-06,-1.928612450e-06,1.130515493e-06,3.036918952e-06,3.824023216e-06,4.434089292e-06,5.865194028e-06,7.896977609e-06,8.930335589e-06,7.594155263e-06,4.595667301e-06,2.524278193e-06,3.393633387e-06,6.477128407e-06,8.999706767e-06,9.119786269e-06,7.922009535e-06,8.154509353e-06,1.111383872e-05,1.513267541e-05,1.722578326e-05,1.594368278e-05,1.241223277e-05,8.834405143e-06,6.424643561e-06,4.866863269e-06,3.334282197e-06,1.581720698e-06,7.740418858e-08,-5.595482419e-07,-7.670102059e-08,1.230818924e-06,2.618713183e-06,3.278549928e-06,2.902725741e-06,1.903795263e-06,8.642838507e-07,-2.627518052e-07,-2.058440656e-06,-4.426681603e-06,-5.704084222e-06,-3.656723664e-06,2.162082790e-06,9.200473049e-06,1.352192335e-05,1.288668461e-05,8.249755490e-06,2.455387157e-06,-2.221663759e-06,-4.752685711e-06,-5.054326575e-06,-2.940838944e-06,1.067751762e-07,2.307568313e-06,5.834815624e-07,-1.321798233e-06
FP2,1.989404336e-06,2.292453995e-06,-5.737432620e-07,-4.232411244e-06,-8.840453846e-06,-1.107830706e-05,-9.484846123e-06,-5.127123242e-06,-2.009712309e-06,-2.698174445e-06,-5.886644113e-06,-7.461109320e-06,-4.789867104e-06,7.373724519e-07,5.443190734e-06,7.250603952e-06,7.343657893e-06,8.096169656e-06,1.010603214e-05,1.184649133e-05,1.196964503e-05,1.112589822e-05,1.103974089e-05,1.214073084e-05,1.280951955e-05,1.125096036e-05,7.801275741e-06,4.936627704e-06,4.865224895e-06,7.250297829e-06,9.444045691e-06,9.010485609e-06,6.096388325e-06,3.441104697e-06,4.025556414e-06,8.432555407e-06,1.421072059e-05,1.781371658e-05,1.746316682e-05,1.443005858e-05,1.161322486e-05,1.078970025e-05,1.116292152e-05,1.050163344e-05,7.537785406e-06,3.143205006e-06,-6.735790994e-07,-2.545281283e-06,-2.384285514e-06,-6.632291994e-07,2.289557790e-06,6.063327601e-06,9.693950593e-06,1.203722178e-05,1.274790541e-05,1.255353058e-05,1.234749425e-05,1.226261998e-05,1.193657452e-05,1.145550468e-05,1.140831235e-05,1.177847088e-05,1.135808374e-05,9.028283552e-06,5.654213368e-06,3.948755259e-06,5.807782661e-06,9.978190102e-06,1.304714597e-05,1.296435165e-05,1.110645972e-05,1.044466115e-05,1.202457311e-05,1.398939054e-05,1.417000718e-05,1.282204346e-05,1.202179356e-05,1.261040079e-05,1.278058592e-05,1.030548741e-05,5.685165492e-06,2.174091899e-06,2.447583354e-06,5.787478168e-06,9.004454885e-06,9.822827367e-06,8.752695309e-06,7.665677913e-06,7.309383596e-06,6.848744858e-06,5.570739740e-06,4.198056846e-06,4.087509850e-06,5.459808222e-06,6.921789291e-06,6.785255256e-06,4.600235052e-06,1.404897259e-06,-1.159912539e-06,-1.815191875e-06,-1.685835960e-07,3.084231484e-06,6.368442196e-06,8.140216558e-06,8.065428119e-06,7.250872169e-06,7.004922190e-06,7.372814588e-06,7.220741095e-06,5.869358636e-06,4.240940145e-06,3.950499099e-06,5.379684249e-06,7.187539016e-06,7.947217865e-06,7.833286812e-06,8.176972680e-06,9.501539182e-06,1.069124323e-05,1.046957319e-05,9.245376380e-06,8.782472954e-06,9.966403519e-06,1.152517663e-05,1.145875217e-05,9.490486981e-06,7.505747845e-06,7.428716444e-06,9.119454097e-06,1.070562223e-05,1.068337571e-05,9.148448614e-06,6.976204723e-06,4.459212286e-06,1.283954522e-06,-2.395695988e-06,-5.541701467e-06,-7.139439037e-06,-7.145391299e-06,-6.183577663e-06,-4.541963487e-06,-1.991305962e-06,1.350620822e-06,4.527362076e-06,6.564990112e-06,7.547868547e-06,8.298446218e-06,8.901028953e-06,8.157243283e-06,5.099201981e-06,8.676427028e-07,-1.676673014e-06,-7.030466889e-07,2.465658949e-06,4.513254188e-06,3.584900909e-06,1.315166156e-06,1.157662788e-06,4.763314295e-06,1.020702509e-05,1.382724399e-05,1.373858123e-05,1.159371049e-05,1.105111549e-05,1.443498988e-05,2.049658172e-05,2.516176299e-05,2.476502562e-05,1.924317460e-05,1.252766063e-05,9.435852901e-06,1.148739829e-05,1.550223484e-05,1.663387942e-05,1.317641311e-05,8.371707200e-06,7.199684373e-06,1.129145349e-05,1.719871586e-05,1.981095080e-05,1.733822120e-05,1.278222971e-05,1.067976489e-05,1.273470246e-05,1.663038752e-05,1.863064440e-05,1.691294464e-05,1.256002062e-05,7.986352779e-06,4.837538535e-06,3.184378588e-06,2.200768823e-06,1.357803945e-06,1.078415102e-06,2.314632966e-06,5.330694484e-06,8.837485741e-06,1.068034395e-05,9.872108742e-06,7.962314666e-06,7.855320293e-06,1.082900223e-05,1.493741490e-05,1.692752747e-05,1.584114548e-05,1.416097336e-05,1.489371039e-05,1.778446839e-05,1.916910471e-05,1.588710173e-05,8.884584622e-06,2.438381577e-06,-7.701422118e-08,1.166458737e-06,3.353773606e-06,5.006116783e-06,5.874431400e-06,7.390579594e-06,7.826787003e-06,8.465474702e-06,4.304346826e-06
AFF6,3.240720191e-06,3.778816183e-06,-1.099228200e-06,-5.532228725e-06,-9.651492761e-06,-1.078810568e-05,-9.283126234e-06,-6.265235107e-06,-4.366699650e-06,-4.427376556e-06,-5.128817582e-06,-4.146613658e-06,-8.488146263e-07,3.034504844e-06,5.346097387e-06,5.818686971e-06,6.072412095e-06,7.462566135e-06,9.525337039e-06,1.086369107e-05,1.114508150e-05,1.152243452e-05,1.292211314e-05,1.446465816e-05,1.415930505e-05,1.114245025e-05,6.797236657e-06,3.469157163e-06,2.334763661e-06,2.753306630e-06,3.436625515e-06,3.748507585e-06,3.798412405e-06,3.822931675e-06,4.031476205e-06,4.944580319e-06,7.226912431e-06,1.074006750e-05,1.396835251e-05,1.490604716e-05,1.276285559e-05,8.657348027e-06,4.483496387e-06,1.190286931e-06,-1.690557767e-06,-4.951655138e-06,-8.445051721e-06,-1.099626053e-05,-1.139021506e-05,-9.312785736e-06,-5.497712278e-06,-1.227768343e-06,2.317586044e-06,4.564001594e-06,5.700905325e-06,6.330296662e-06,6.804071754e-06,6.925574498e-06,6.433486355e-06,5.676244697e-06,5.420825821e-06,5.770830998e-06,5.601559684e-06,3.666950258e-06,4.460288925e-07,-1.596280778e-06,-1.934577814e-07,4.204195075e-06,8.504477262e-06,9.850170598e-06,8.272868946e-06,6.284405305e-06,6.058903573e-06,7.474719954e-06,8.939406349e-06,9.478613302e-06,9.372949474e-06,8.929382918e-06,7.512762623e-06,4.397816683e-06,2.861714454e-07,-2.741534202e-06,-3.047464234e-06,-9.007662075e-07,2.068705516e-06,4.511048096e-06,6.023029077e-06,6.455355902e-06,5.450462424e-06,3.221025409e-06,1.336364614e-06,1.778616870e-06,4.808599799e-06,8.216816522e-06,9.272275399e-06,7.397265475e-06,4.504680424e-06,2.655218211e-06,1.911388736e-06,9.103456118e-07,-8.005000963e-07,-1.793326591e-06,-4.483543778e-07,2.825730900e-06,5.637310164e-06,5.930303035e-06,3.921056969e-06,1.627668610e-06,7.927473621e-07,1.512592513e-06,2.650235108e-06,3.123586170e-06,2.731337656e-06,2.141825810e-06,2.369504572e-06,3.998213357e-06,6.476191681e-06,8.230494836e-06,8.018710503e-06,6.463389658e-06,5.848038264e-06,7.787523331e-06,1.109516168e-05,1.257331197e-05,1.034919336e-05,6.135715077e-06,3.630380491e-06,4.648046564e-06,7.342599200e-06,8.474605912e-06,6.916835294e-06,4.298411179e-06,2.399812218e-06,8.709933987e-07,-1.894674956e-06,-6.152711322e-06,-1.003335205e-05,-1.155500250e-05,-1.067896273e-05,-8.802084868e-06,-6.668090345e-06,-3.705703408e-06,4.229186667e-07,4.512828284e-06,6.842841054e-06,7.185220115e-06,6.845884564e-06,6.501740926e-06,4.942989413e-06,8.858466788e-07,-4.338437252e-06,-7.240438005e-06,-6.044080500e-06,-3.376009920e-06,-3.826308661e-06,-8.524957300e-06,-1.305659735e-05,-1.170680363e-05,-3.691400329e-06,5.603066394e-06,9.924735487e-06,8.311571512e-06,5.614848795e-06,7.212289399e-06,1.373195355e-05,2.091038357e-05,2.392545741e-05,2.145107685e-05,1.601718250e-05,1.135999928e-05,9.633031054e-06,1.038920410e-05,1.140313245e-05,1.054161406e-05,7.633427617e-06,4.991698421e-06,5.685072710e-06,1.054469147e-05,1.669928864e-05,1.959817755e-05,1.706685400e-05,1.147046739e-05,7.635777897e-06,8.458883923e-06,1.248376387e-05,1.560536447e-05,1.487635336e-05,1.067393521e-05,5.654650944e-06,2.165617789e-06,7.173597007e-07,4.448162836e-07,5.007426125e-07,8.995296063e-07,2.229387757e-06,4.690629606e-06,7.407448297e-06,8.790463674e-06,7.878736144e-06,5.483777387e-06,3.752008618e-06,4.200183639e-06,6.166062784e-06,7.579695826e-06,7.449897793e-06,7.179647488e-06,8.850957197e-06,1.224401717e-05,1.427743443e-05,1.201246067e-05,6.030467989e-06,1.910096173e-07,-2.170305932e-06,-1.352704118e-06,-2.807532638e-07,-8.024347470e-07,-1.905845308e-06,-1.585796800e-06,9.961881473e-08,1.219645218e-06,4.065854497e-07
F2,3.024324337e-06,3.675469248e-06,-1.520122356e-06,-6.631275724e-06,-1.099856609e-05,-1.217387127e-05,-1.086273103e-05,-8.080725478e-06,-5.752070508e-06,-4.568057636e-06,-4.170639084e-06,-3.466333451e-06,-1.801578427e-06,6.537435221e-07,3.379508318e-06,6.138049885e-06,8.922460043e-06,1.140587749e-05,1.285568205e-05,1.288842200e-05,1.217111913e-05,1.196814706e-05,1.276815530e-05,1.352234302e-05,1.254352111e-05,9.254498966e-06,4.927862913e-06,1.621047669e-06,4.592410682e-07,1.001048982e-06,2.089611261e-06,3.033432709e-06,3.920042711e-06,5.088485806e-06,6.629745779e-06,8.395166359e-06,1.019098964e-05,1.174905508e-05,1.260980246e-05,1.227490964e-05,1.055272700e-05,7.644925062e-06,3.837184149e-06,-7.632990051e-07,-6.022460544e-06,-1.133583847e-05,-1.557252617e-05,-1.761098886e-05,-1.697756717e-05,-1.401684625e-05,-9.581898520e-06,-4.651433893e-06,-1.130193262e-07,3.386499555e-06,5.593949621e-06,6.652161566e-06,6.882026237e-06,6.603581633e-06,6.217907997e-06,6.281529098e-06,7.131315811e-06,8.269790606e-06,8.426040968e-06,6.731804288e-06,3.999192281e-06,2.476893668e-06,3.881160630e-06,7.591962409e-06,1.107026259e-05,1.224038588e-05,1.134241876e-05,1.031578142e-05,1.056734949e-05,1.169437688e-05,1.236931764e-05,1.196267614e-05,1.086633816e-05,9.453947646e-06,7.422024585e-06,4.529047377e-06,1.612838854e-06,2.341619138e-07,1.142154950e-06,3.458139496e-06,5.654861886e-06,7.099939096e-06,8.241809377e-06,9.394568591e-06,9.983526707e-06,9.424896993e-06,8.423656997e-06,8.670077730e-06,1.093934627e-05,1.385614769e-05,1.501380007e-05,1.331149280e-05,9.856436548e-06,6.524631148e-06,4.068930194e-06,2.000959953e-06,5.736522342e-08,-9.191801927e-07,7.803509785e-08,2.706847831e-06,5.230790197e-06,6.133804179e-06,5.547415976e-06,4.914931757e-06,5.383281771e-06,6.696757109e-06,7.567171406e-06,6.911870488e-06,4.791446050e-06,2.473985966e-06,1.711008917e-06,3.560616750e-06,7.386805243e-06,1.098021981e-05,1.220134469e-05,1.098338613e-05,9.590894323e-06,1.040314590e-05,1.324362918e-05,1.522873707e-05,1.363625446e-05,8.863339316e-06,4.202060905e-06,2.586288186e-06,3.815810902e-06,5.139205325e-06,4.254727821e-06,1.289955269e-06,-2.099504042e-06,-4.922407265e-06,-7.617356580e-06,-1.085041112e-05,-1.422406271e-05,-1.651573783e-05,-1.689964394e-05,-1.553330250e-05,-1.303183646e-05,-9.821155116e-06,-6.184456112e-06,-2.591943937e-06,4.111473626e-07,2.554358372e-06,3.707340457e-06,3.401977429e-06,1.036174757e-06,-2.989668169e-06,-6.618515302e-06,-7.414792145e-06,-4.968174952e-06,-1.722679441e-06,-8.005313757e-07,-2.818492046e-06,-5.202750833e-06,-4.952387379e-06,-1.906382607e-06,1.099764246e-06,1.371015022e-06,-6.501677777e-07,-1.708134058e-06,1.073822194e-06,7.441197745e-06,1.421913546e-05,1.793709039e-05,1.735049772e-05,1.397597665e-05,1.065102416e-05,9.405511266e-06,1.009479198e-05,1.071902488e-05,9.325108502e-06,6.069203988e-06,3.474278507e-06,4.248155565e-06,8.497363245e-06,1.320487349e-05,1.483519975e-05,1.265450731e-05,9.408427939e-06,8.647134903e-06,1.142679768e-05,1.559807732e-05,1.804613480e-05,1.736136452e-05,1.447435467e-05,1.122256709e-05,8.679816782e-06,6.715196299e-06,4.717187296e-06,2.543685111e-06,9.337325169e-07,1.089795604e-06,3.589244131e-06,7.402673766e-06,1.017171216e-05,1.005478096e-05,7.634559335e-06,5.676661844e-06,6.469448081e-06,9.380720114e-06,1.153254785e-05,1.112868043e-05,9.629411510e-06,9.967893795e-06,1.267017921e-05,1.457516873e-05,1.206016410e-05,5.269468279e-06,-1.623376090e-06,-4.570064537e-06,-3.561920983e-06,-1.863330998e-06,-2.029951082e-06,-3.234143682e-06,-3.348820173e-06,-1.750988758e-06,-6.154013748e-07,-4.487613571e-07
FC2,2.921305238e-06,3.941936234e-06,-1.215057541e-06,-7.165568889e-06,-1.219031504e-05,-1.278358835e-05,-9.708917689e-06,-5.431976939e-06,-3.099104052e-06,-3.065505323e-06,-3.438645523e-06,-2.221743824e-06,4.316825209e-07,2.760448553e-06,3.733283820e-06,4.296242471e-06,6.010694366e-06,8.844517812e-06,1.096621802e-05,1.090474222e-05,9.436604605e-06,8.798551946e-06,1.005575605e-05,1.173021943e-05,1.133432717e-05,8.057874345e-06,3.606077291e-06,4.306249408e-07,-5.052073764e-07,-9.436161914e-08,3.646904756e-07,5.073256081e-07,8.354334491e-07,1.831192969e-06,3.506550002e-06,5.632279010e-06,7.933099940e-06,9.898692382e-06,1.072657665e-05,9.829041711e-06,7.408372287e-06,4.282135740e-06,1.033884648e-06,-2.504181271e-06,-6.781642819e-06,-1.164445556e-05,-1.609975491e-05,-1.894957380e-05,-1.950126848e-05,-1.767758364e-05,-1.376359922e-05,-8.380509315e-06,-2.655127596e-06,1.991458827e-06,4.575941974e-06,5.129941105e-06,4.480306260e-06,3.511740728e-06,2.730159711e-06,2.375082772e-06,2.533296540e-06,2.893574271e-06,2.657566337e-06,1.222136471e-06,-8.516616385e-07,-1.884664996e-06,-5.422398828e-07,2.678568604e-06,5.698876686e-06,6.786572265e-06,6.148740808e-06,5.503361286e-06,6.230489305e-06,8.183905524e-06,1.021498072e-05,1.139108290e-05,1.140182005e-05,1.009788847e-05,7.314218159e-06,3.460549172e-06,-7.421003914e-08,-1.667742299e-06,-7.803053898e-07,1.678784594e-06,4.380516043e-06,6.721313661e-06,8.763647974e-06,1.035723856e-05,1.092809267e-05,1.037916012e-05,9.790659987e-06,1.064188797e-05,1.320147969e-05,1.600311794e-05,1.714673951e-05,1.597459501e-05,1.327783077e-05,1.007361578e-05,6.675167492e-06,3.133117227e-06,1.487981865e-07,-1.060876198e-06,3.119038221e-08,2.498038393e-06,4.668211718e-06,5.538951666e-06,5.360028364e-06,4.973780995e-06,4.881774623e-06,4.978377350e-06,4.852708326e-06,4.109613360e-06,2.637392613e-06,9.861374204e-07,4.538519439e-07,2.226642867e-06,5.979179062e-06,9.567405761e-06,1.075973407e-05,9.536153809e-06,8.270129413e-06,9.165585617e-06,1.163842126e-05,1.277229973e-05,1.055349581e-05,6.213532576e-06,2.913808230e-06,2.301135383e-06,2.963623691e-06,2.435763475e-06,1.019410095e-07,-2.538213686e-06,-4.275753777e-06,-5.952996167e-06,-9.274051836e-06,-1.427175641e-05,-1.875593962e-05,-2.048211935e-05,-1.934701003e-05,-1.702289776e-05,-1.475515793e-05,-1.219284707e-05,-8.500704416e-06,-4.000819275e-06,-1.561955135e-07,1.874899698e-06,2.075106641e-06,9.029203338e-07,-1.517476992e-06,-4.925195187e-06,-7.929714396e-06,-8.458216068e-06,-5.839711988e-06,-2.162983351e-06,-7.891712315e-07,-3.095041594e-06,-6.880565843e-06,-8.355888493e-06,-5.779458342e-06,-1.015630723e-06,2.494306842e-06,3.151285874e-06,2.589727918e-06,3.861722936e-06,8.339423524e-06,1.423903819e-05,1.800632229e-05,1.730216344e-05,1.304634272e-05,8.741619996e-06,7.521946250e-06,9.417135384e-06,1.139736953e-05,1.037718987e-05,6.420003960e-06,2.898244744e-06,3.257305966e-06,7.574843227e-06,1.245587915e-05,1.436331914e-05,1.290778960e-05,1.082231059e-05,1.097976287e-05,1.373439714e-05,1.703755528e-05,1.860944533e-05,1.769363308e-05,1.506689007e-05,1.201070470e-05,9.455480447e-06,7.642094422e-06,6.134301074e-06,4.296029852e-06,2.230437986e-06,1.268908574e-06,2.935598683e-06,6.969048483e-06,1.072851670e-05,1.136461396e-05,8.838794276e-06,6.213360798e-06,6.369379990e-06,8.710781798e-06,9.915832935e-06,8.128510387e-06,5.543209964e-06,5.910608063e-06,9.663238468e-06,1.263958585e-05,1.037183817e-05,3.164378169e-06,-4.008089713e-06,-6.686322840e-06,-5.300457316e-06,-3.595158112e-06,-4.058063891e-06,-5.050816276e-06,-4.426064830e-06,-1.897593612e-06,-1.206699998e-06,-1.340221850e-06
FC6,3.574052909e-06,4.331231756e-06,-1.263640364e-06,-5.645159591e-06,-8.465971750e-06,-8.053839173e-06,-6.303834505e-06,-4.372991886e-06,-3.471917239e-06,-3.263445480e-06,-2.945391095e-06,-1.699030112e-06,4.209635314e-07,2.516261764e-06,3.650800916e-06,3.787442846e-06,3.837624200e-06,4.683043564e-06,6.242049977e-06,7.689031876e-06,8.556375741e-06,9.299101036e-06,1.052426652e-05,1.183782321e-05,1.190834911e-05,9.910059809e-06,6.684044180e-06,4.097019907e-06,3.170777633e-06,3.087998294e-06,2.231019345e-06,7.209369401e-08,-2.191799104e-06,-2.834988198e-06,-1.150456423e-06,2.272066951e-06,6.430035099e-06,1.055727596e-05,1.383201609e-05,1.499755972e-05,1.298588930e-05,8.168364352e-06,2.635420544e-06,-1.303214646e-06,-3.127116309e-06,-4.465572516e-06,-7.209835753e-06,-1.121439111e-05,-1.403221731e-05,-1.310645478e-05,-8.266700167e-06,-2.002883513e-06,2.735570809e-06,4.939298180e-06,5.767288619e-06,6.648050922e-06,7.555130209e-06,7.371848010e-06,5.703579074e-06,3.762962878e-06,3.114886795e-06,3.775390490e-06,4.110712139e-06,2.868450633e-06,9.553667068e-07,6.596497837e-07,3.023115318e-06,6.430548112e-06,8.196379830e-06,7.393310804e-06,5.663183187e-06,5.182119114e-06,6.346873253e-06,7.898253570e-06,8.969563113e-06,1.012425968e-05,1.196977938e-05,1.338264219e-05,1.213635301e-05,7.610930857e-06,2.253716275e-06,-3.791354684e-07,9.442791040e-07,4.101389331e-06,6.101605246e-06,6.107387388e-06,5.614375428e-06,6.052405961e-06,7.057943825e-06,7.398576115e-06,6.944973280e-06,6.915405493e-06,8.160752187e-06,9.912415245e-06,1.067278149e-05,9.977177868e-06,8.663544617e-06,7.443215063e-06,5.909660234e-06,3.432280416e-06,6.555744477e-07,-6.509052397e-07,5.119666533e-07,3.051872468e-06,4.786530496e-06,4.671005504e-06,3.693030133e-06,3.556757622e-06,4.826605776e-06,6.528688281e-06,7.279711191e-06,6.497119248e-06,4.702056799e-06,3.136530943e-06,3.160873740e-06,5.455426224e-06,9.256561023e-06,1.253906540e-05,1.360870401e-05,1.280704872e-05,1.223643780e-05,1.334161732e-05,1.497480871e-05,1.449800785e-05,1.098965107e-05,6.788405993e-06,5.263595644e-06,7.198881211e-06,9.993959466e-06,1.057570974e-05,8.478447194e-06,5.544296620e-06,3.050156447e-06,1.745464120e-07,-4.325404406e-06,-9.699708997e-06,-1.342456404e-05,-1.383371244e-05,-1.176022717e-05,-9.208409543e-06,-7.011385902e-06,-4.523587205e-06,-1.348336793e-06,1.681961155e-06,3.697505979e-06,5.157198183e-06,6.982473838e-06,8.458569390e-06,7.246505920e-06,2.337282402e-06,-3.613690633e-06,-6.215993911e-06,-4.057728532e-06,-6.755865258e-07,-9.026530207e-07,-5.377371255e-06,-9.540354568e-06,-8.464640793e-06,-2.145946018e-06,4.591619624e-06,7.227051781e-06,5.932397530e-06,4.809001912e-06,7.450363860e-06,1.369445267e-05,2.021487722e-05,2.342738801e-05,2.183841962e-05,1.664928199e-05,1.099432496e-05,8.205777331e-06,9.556264984e-06,1.301768364e-05,1.479519743e-05,1.299058806e-05,9.834856215e-06,9.602231172e-06,1.389124864e-05,1.938897493e-05,2.095029103e-05,1.690888885e-05,1.084408906e-05,7.902544798e-06,9.769791212e-06,1.357600480e-05,1.534001280e-05,1.376509838e-05,1.060283189e-05,8.129352064e-06,7.038251192e-06,6.604584105e-06,6.035092537e-06,5.200404970e-06,4.453360492e-06,4.281167586e-06,5.027590790e-06,6.422446755e-06,7.311539540e-06,6.444333939e-06,3.982356489e-06,1.866693390e-06,1.990569407e-06,3.965679630e-06,5.416076645e-06,4.933053783e-06,4.153142116e-06,5.926815313e-06,1.033927210e-05,1.357684289e-05,1.167324431e-05,5.112829080e-06,-1.292437658e-06,-3.450842268e-06,-2.151234543e-06,-1.522091515e-06,-3.646352931e-06,-6.237248419e-06,-5.598692169e-06,-1.851993824e-06,1.473762235e-06,8.045565460e-07
C4,1.306137303e-06,1.080462715e-07,-4.652515999e-06,-9.079475366e-06,-1.184312148e-05,-1.123603866e-05,-8.115632230e-06,-4.198436150e-06,-1.427749809e-06,-6.518698371e-08,9.939725339e-07,2.865302394e-06,5.158198478e-06,6.313236930e-06,5.433387260e-06,3.540053927e-06,2.681763370e-06,3.827732976e-06,5.986049749e-06,7.569231981e-06,8.318914657e-06,9.424253063e-06,1.170490940e-05,1.414696150e-05,1.468515798e-05,1.239897484e-05,8.577851677e-06,5.449740551e-06,4.057250823e-06,3.591591689e-06,2.674935932e-06,9.684265480e-07,-5.427763926e-07,-5.448159149e-07,1.564008057e-06,5.395186236e-06,9.850039237e-06,1.351928406e-05,1.517818698e-05,1.439278036e-05,1.178775200e-05,8.506615721e-06,5.221825283e-06,1.723133319e-06,-2.439842205e-06,-7.035281769e-06,-1.106801427e-05,-1.359101346e-05,-1.435277103e-05,-1.353648645e-05,-1.113151369e-05,-6.962737061e-06,-1.424496625e-06,4.125021873e-06,8.034236884e-06,9.490723092e-06,8.934327890e-06,7.458621380e-06,6.011512697e-06,5.117557184e-06,4.924359700e-06,5.092013773e-06,4.748390057e-06,3.118520964e-06,5.802524428e-07,-1.126993485e-06,-2.727634772e-07,3.056932290e-06,6.751715135e-06,8.565474157e-06,8.214186771e-06,7.455256145e-06,8.150677397e-06,1.048983398e-05,1.312007682e-05,1.461540785e-05,1.444022680e-05,1.268164107e-05,9.538259485e-06,5.537538729e-06,1.974635195e-06,4.397766440e-07,1.537831809e-06,4.256230058e-06,6.882979259e-06,8.494280888e-06,9.330028109e-06,9.842762780e-06,9.897276708e-06,9.241775299e-06,8.469496376e-06,8.875628163e-06,1.107076075e-05,1.401289836e-05,1.579466454e-05,1.539781095e-05,1.343294787e-05,1.115879830e-05,9.146510706e-06,7.183410510e-06,5.239750781e-06,3.971682178e-06,4.015973553e-06,5.068882428e-06,6.070376847e-06,6.352367208e-06,6.342427098e-06,6.965751046e-06,8.462351930e-06,9.954569678e-06,1.016236045e-05,8.490433104e-06,5.567159234e-06,2.963124484e-06,2.318952324e-06,4.275237781e-06,7.826870575e-06,1.083206686e-05,1.166573333e-05,1.067232879e-05,9.772693433e-06,1.030361574e-05,1.134193438e-05,1.060889745e-05,7.205511054e-06,3.051933647e-06,1.111959580e-06,2.213692494e-06,4.116592408e-06,3.983816455e-06,1.415311377e-06,-1.466598324e-06,-2.839295007e-06,-3.412616447e-06,-5.410920592e-06,-9.658615075e-06,-1.434111651e-05,-1.683073134e-05,-1.626942504e-05,-1.394696325e-05,-1.141622320e-05,-8.894796326e-06,-5.710404731e-06,-1.783109996e-06,1.913433881e-06,4.268558526e-06,4.869341384e-06,3.793473542e-06,1.170104707e-06,-2.416139922e-06,-5.266922840e-06,-5.248688354e-06,-1.871590808e-06,2.471114650e-06,4.124603690e-06,1.595302358e-06,-2.716485224e-06,-4.585821540e-06,-1.969571890e-06,3.084612080e-06,6.552214254e-06,6.383615221e-06,4.361428296e-06,4.183880204e-06,7.800312430e-06,1.349950012e-05,1.739282092e-05,1.680795657e-05,1.254872133e-05,8.103981988e-06,6.573676760e-06,8.063046597e-06,9.900234576e-06,9.475460219e-06,6.979810793e-06,5.309183043e-06,7.148495946e-06,1.214399166e-05,1.706147149e-05,1.878445996e-05,1.710997868e-05,1.463580844e-05,1.412116619e-05,1.610418438e-05,1.886468586e-05,2.022680520e-05,1.920768456e-05,1.631541204e-05,1.284508694e-05,1.000984984e-05,8.302461473e-06,7.276903902e-06,6.066202192e-06,4.497489206e-06,3.683656631e-06,5.019388182e-06,8.285880321e-06,1.115340906e-05,1.125190125e-05,8.833013616e-06,6.735725294e-06,7.198184534e-06,9.089936251e-06,9.174025849e-06,6.303702386e-06,3.484530311e-06,4.792673272e-06,1.033174552e-05,1.526827436e-05,1.456257906e-05,8.256059649e-06,1.289412013e-06,-1.832784947e-06,-1.422346623e-06,-9.603282151e-07,-2.522330542e-06,-4.172060695e-06,-3.749973593e-06,-1.313893952e-06,-7.740783916e-07,-1.176203278e-06
T8,1.669629620e-06,-4.275339413e-07,-4.253749793e-06,-5.327794285e-06,-5.722133103e-06,-5.488616815e-06,-4.782632793e-06,-3.098886697e-06,-1.668096719e-06,-1.618146112e-06,-2.355066969e-06,-1.481564904e-06,2.177424507e-06,6.475588390e-06,7.740186119e-06,4.878583019e-06,9.146555070e-07,-1.365844571e-07,2.480971266e-06,5.863826631e-06,7.195608207e-06,6.936627730e-06,7.631458475e-06,1.007309617e-05,1.179720551e-05,9.855613995e-06,4.483105433e-06,-7.674944261e-07,-2.550092108e-06,-8.612661191e-07,1.464944779e-06,1.863699118e-06,2.308287189e-07,-1.586203494e-06,-1.675577383e-06,7.451385967e-07,5.260222750e-06,1.051205560e-05,1.452092767e-05,1.555362551e-05,1.337536568e-05,9.614909826e-06,6.439764312e-06,4.648666926e-06,3.212929187e-06,7.996161402e-07,-2.431649728e-06,-4.731660411e-06,-4.365878706e-06,-1.150056461e-06,3.483877561e-06,7.598970921e-06,9.858697065e-06,9.992638507e-06,8.752116117e-06,7.497806832e-06,7.372982769e-06,8.427144229e-06,9.537270852e-06,9.441438800e-06,7.924858936e-06,5.838066399e-06,3.946887371e-06,2.084883978e-06,-2.817429264e-07,-2.829180435e-06,-4.205323545e-06,-3.332799762e-06,-6.768134831e-07,2.084829176e-06,3.644694569e-06,4.130328455e-06,4.647387817e-06,6.081810348e-06,8.455550396e-06,1.107725474e-05,1.288215338e-05,1.276823735e-05,1.028669197e-05,6.436550283e-06,3.404996947e-06,2.808982956e-06,4.048757669e-06,4.957986660e-06,4.486222309e-06,4.281718268e-06,6.778085144e-06,1.160308118e-05,1.479513598e-05,1.253471184e-05,5.610641412e-06,-6.486720541e-07,-1.383920971e-06,3.184236544e-06,8.534786918e-06,1.081786467e-05,1.018547413e-05,9.085032581e-06,8.400572606e-06,6.592759910e-06,2.644210195e-06,-1.513326442e-06,-2.682031733e-06,-2.436150948e-07,2.831900415e-06,3.339808249e-06,1.517651233e-06,5.026722061e-07,2.261066351e-06,5.049068204e-06,5.512824600e-06,2.806476096e-06,-2.700754845e-07,-3.935107045e-07,2.659091633e-06,5.960753571e-06,6.675085597e-06,4.779297628e-06,2.618552816e-06,2.390563466e-06,4.376256076e-06,7.120459396e-06,8.625168209e-06,7.437154485e-06,3.468212247e-06,-1.545175052e-06,-4.691444103e-06,-3.906438744e-06,1.404453625e-07,4.435060163e-06,6.306414688e-06,5.703133202e-06,4.561467103e-06,4.117357892e-06,3.505571848e-06,1.352390229e-06,-1.798907316e-06,-3.565341442e-06,-2.467004260e-06,6.605388700e-08,1.135881001e-06,-2.720895776e-07,-2.059513331e-06,-1.450673055e-06,1.797013772e-06,5.177081390e-06,6.284299693e-06,5.206979832e-06,3.815700504e-06,3.288466182e-06,3.146330608e-06,2.710631150e-06,2.581116123e-06,3.883423994e-06,6.309716707e-06,7.863940833e-06,7.066182582e-06,4.934656446e-06,3.996292259e-06,5.241869903e-06,6.764071870e-06,6.020412199e-06,3.208324763e-06,1.593025167e-06,4.021130982e-06,9.411102160e-06,1.331567134e-05,1.220846807e-05,6.994487979e-06,2.062409583e-06,9.927187674e-07,3.443946278e-06,6.200651206e-06,6.869981654e-06,6.200740686e-06,6.843362065e-06,1.017939995e-05,1.456986093e-05,1.663413197e-05,1.417673185e-05,8.085794098e-06,1.729826528e-06,-1.459957370e-06,-3.041846146e-07,3.498834482e-06,6.724759202e-06,6.928339982e-06,4.071649657e-06,3.173369915e-07,-1.820550265e-06,-1.451697319e-06,2.475267243e-07,1.429699491e-06,1.408703514e-06,1.130769729e-06,1.896920205e-06,3.766202775e-06,5.375525586e-06,5.344434195e-06,3.691197758e-06,1.700441829e-06,4.589448619e-07,-1.881230797e-07,-1.009158060e-06,-1.854804449e-06,-1.194761580e-06,2.427184333e-06,8.446899330e-06,1.408441288e-05,1.641555033e-05,1.477883246e-05,1.115240493e-05,8.254016765e-06,7.280115670e-06,7.608406565e-06,7.824405754e-06,7.379454865e-06,5.947603264e-06,3.909966920e-06,7.137262582e-07,-8.653177793e-07
CP2,-1.005960812e-07,-1.404566015e-06,-3.909358857e-06,-7.040672099e-06,-9.327588432e-06,-9.171740236e-06,-6.360171000e-06,-2.432976801e-06,5.297089690e-07,1.768601542e-06,2.321813513e-06,3.576340260e-06,5.467902508e-06,6.449482397e-06,5.324479079e-06,2.821724948e-06,1.015125316e-06,1.207489942e-06,2.720018218e-06,3.945310926e-06,4.320175628e-06,4.822929875e-06,6.449794387e-06,8.600748900e-06,9.407442685e-06,7.689617974e-06,4.294622837e-06,1.312944424e-06,8.577133755e-08,1.609200416e-07,1.402666715e-07,-6.953758297e-07,-1.683961102e-06,-1.484843513e-06,7.221700938e-07,4.613995018e-06,8.953296366e-06,1.228786205e-05,1.366445514e-05,1.303389442e-05,1.111062864e-05,8.716334920e-06,6.113863711e-06,2.973313559e-06,-9.845705495e-07,-5.389597369e-06,-9.350875486e-06,-1.210461940e-05,-1.334937237e-05,-1.293108950e-05,-1.050957140e-05,-5.924298109e-06,3.295460861e-08,5.512560497e-06,8.641733696e-06,8.828031977e-06,7.047579284e-06,4.905593045e-06,3.495046150e-06,3.034663390e-06,3.198189246e-06,3.438918327e-06,3.109858048e-06,1.786221325e-06,-1.460109122e-07,-1.361338076e-06,-5.096511214e-07,2.473206893e-06,6.084858760e-06,8.514444130e-06,9.230241744e-06,9.250597270e-06,9.901555985e-06,1.148709820e-05,1.319436896e-05,1.402255422e-05,1.353416654e-05,1.183047591e-05,9.259631925e-06,6.436395263e-06,4.314671173e-06,3.753032513e-06,4.795011529e-06,6.561046487e-06,8.060634563e-06,9.039317403e-06,9.858141630e-06,1.065648813e-05,1.101634409e-05,1.064783531e-05,1.013298834e-05,1.055219073e-05,1.227557707e-05,1.440711130e-05,1.563172236e-05,1.543757488e-05,1.423399404e-05,1.239564996e-05,9.703298694e-06,6.040361015e-06,2.341456281e-06,2.531398238e-07,6.091208167e-07,2.520016718e-06,4.295806314e-06,5.187592992e-06,5.902559057e-06,7.362981187e-06,9.315820236e-06,1.047596078e-05,9.916848878e-06,7.994447867e-06,5.883598146e-06,4.543020384e-06,4.310278171e-06,5.156902037e-06,6.803449656e-06,8.530206889e-06,9.396013278e-06,9.096783362e-06,8.441972439e-06,8.467215308e-06,8.946846855e-06,8.259150001e-06,5.203760373e-06,8.139258534e-07,-2.214405013e-06,-2.189945801e-06,-2.372178829e-07,9.172828029e-07,-1.665206064e-07,-2.426229281e-06,-4.050655307e-06,-4.893244378e-06,-6.529448343e-06,-9.970225336e-06,-1.397747552e-05,-1.613156572e-05,-1.536768495e-05,-1.294999431e-05,-1.084975420e-05,-9.605616882e-06,-8.144241433e-06,-5.488123396e-06,-2.115389724e-06,5.240760964e-07,1.473911670e-06,9.419350767e-07,-2.531814273e-07,-1.388371149e-06,-1.894088344e-06,-1.244610234e-06,5.994516937e-07,2.621579560e-06,3.180613130e-06,1.518428405e-06,-1.180303585e-06,-2.625087476e-06,-1.594048478e-06,7.792557986e-07,2.090254693e-06,1.135477846e-06,-7.195424619e-07,-6.970344444e-07,2.786096525e-06,8.517625959e-06,1.336883989e-05,1.484748434e-05,1.306038382e-05,1.038943702e-05,9.225649994e-06,9.850945657e-06,1.045014063e-05,9.245849940e-06,6.627050382e-06,5.022985442e-06,6.501948172e-06,1.051162339e-05,1.418995769e-05,1.505635539e-05,1.336512854e-05,1.174203471e-05,1.257966944e-05,1.589284290e-05,1.959002543e-05,2.148122672e-05,2.084320906e-05,1.835245183e-05,1.507975921e-05,1.178822189e-05,8.863210197e-06,6.434507311e-06,4.486103076e-06,3.134530334e-06,2.900098676e-06,4.364742075e-06,7.219622018e-06,9.853014284e-06,1.048254174e-05,8.984930368e-06,7.231647389e-06,7.101796767e-06,8.244082943e-06,8.417733494e-06,6.361048154e-06,3.822136292e-06,3.967186347e-06,7.645103962e-06,1.187773786e-05,1.263898019e-05,8.961429710e-06,3.744082932e-06,5.089851862e-07,-6.543202705e-08,2.160661325e-07,-1.611206566e-07,-4.215184280e-07,2.939351545e-07,1.579603163e-06,8.316524747e-07,-6.157525611e-07
CP6,-1.470742787e-06,-4.798218099e-06,-7.266030277e-06,-9.337071996e-06,-9.601221303e-06,-7.984835497e-06,-4.754966112e-06,-1.233023554e-06,1.557370943e-06,3.428150631e-06,5.180792947e-06,7.422201114e-06,9.567449462e-06,1.008884573e-05,7.979466653e-06,3.930283439e-06,-4.072835070e-08,-2.127769689e-06,-1.890701782e-06,-5.963724162e-08,2.438855660e-06,5.032155403e-06,7.273001583e-06,8.549215918e-06,8.382414692e-06,6.997724922e-06,5.343580214e-06,4.351409916e-06,4.134986974e-06,3.917787169e-06,2.729129503e-06,2.512174790e-07,-2.776417013e-06,-4.787831504e-06,-4.166923565e-06,-2.870040078e-07,5.773676454e-06,1.154283836e-05,1.459088002e-05,1.412251351e-05,1.135608965e-05,8.310470945e-06,6.139924636e-06,4.559560097e-06,2.702990334e-06,2.967247396e-07,-2.065583939e-06,-3.563630463e-06,-3.769409948e-06,-2.649563719e-06,-3.049244318e-07,2.979690400e-06,6.483076648e-06,9.178349420e-06,1.036281006e-05,1.014854244e-05,9.236841321e-06,8.245793037e-06,7.350207936e-06,6.490482769e-06,5.649684290e-06,4.750526576e-06,3.460193123e-06,1.468553702e-06,-8.752051253e-07,-2.397979791e-06,-1.889558246e-06,8.042093882e-07,4.517076366e-06,7.643270960e-06,9.304944846e-06,9.770941198e-06,9.968530903e-06,1.071042760e-05,1.218627721e-05,1.381945281e-05,1.449783397e-05,1.327862774e-05,1.031195278e-05,7.134400214e-06,5.688157696e-06,6.698337694e-06,9.023488051e-06,1.080645160e-05,1.127702355e-05,1.121159199e-05,1.157371247e-05,1.206111386e-05,1.143530321e-05,9.292645828e-06,7.040800881e-06,6.699289972e-06,8.784687783e-06,1.171787198e-05,1.342435426e-05,1.325339764e-05,1.211037416e-05,1.095270643e-05,9.674555129e-06,7.672023276e-06,5.148758982e-06,3.355421685e-06,3.403033296e-06,5.083319321e-06,7.061165615e-06,8.147194779e-06,8.235104819e-06,8.072089563e-06,8.337614794e-06,8.998345945e-06,9.372017386e-06,8.706328343e-06,6.884054200e-06,4.809310668e-06,3.994625223e-06,5.332911620e-06,8.020134608e-06,9.950220314e-06,9.628840350e-06,7.758853206e-06,6.531426945e-06,7.053077228e-06,7.750175552e-06,5.886216473e-06,8.227824462e-07,-4.662878116e-06,-6.795319833e-06,-4.531627138e-06,-5.541869251e-07,1.515823643e-06,5.314703948e-07,-1.779399960e-06,-3.412776287e-06,-4.347779599e-06,-5.972640631e-06,-8.824265253e-06,-1.163618071e-05,-1.272496286e-05,-1.177354246e-05,-9.837557579e-06,-7.864217049e-06,-5.780398889e-06,-3.141686004e-06,-1.677958046e-07,2.323110589e-06,3.837521460e-06,4.555655409e-06,4.666782679e-06,3.867237996e-06,2.005332064e-06,3.418478233e-08,-3.755752129e-07,1.396661303e-06,3.807905587e-06,4.378129874e-06,2.258341335e-06,-6.734740280e-07,-1.578866016e-06,4.868444049e-07,3.662255066e-06,5.250382935e-06,4.468948490e-06,3.190315111e-06,4.061905198e-06,7.943291409e-06,1.301168891e-05,1.616791217e-05,1.542236146e-05,1.134882923e-05,6.573139180e-06,3.761872165e-06,3.697224277e-06,5.012971213e-06,5.834832984e-06,5.809366603e-06,6.477587438e-06,9.477219412e-06,1.435104932e-05,1.836262683e-05,1.876822482e-05,1.539369928e-05,1.093504159e-05,8.660601725e-06,9.729666158e-06,1.253634506e-05,1.437153392e-05,1.363982489e-05,1.077603470e-05,7.488619960e-06,5.292631943e-06,4.512872029e-06,4.351969962e-06,3.860057102e-06,2.998610625e-06,2.776878081e-06,4.133490448e-06,6.583402894e-06,8.252369747e-06,7.643324182e-06,5.355037879e-06,3.590933825e-06,3.660015293e-06,4.304522926e-06,3.159533975e-06,1.039115766e-08,-2.063145494e-06,4.217505155e-07,7.225575250e-06,1.374448600e-05,1.501622034e-05,1.033682351e-05,3.656268639e-06,-4.058151765e-07,-5.932268171e-07,1.170765363e-06,2.489846721e-06,3.109740392e-06,3.174106099e-06,2.888378171e-06,4.780138234e-07,-1.151041863e-06
P4,-1.665850292e-06,-4.966029528e-06,-7.448254808e-06,-1.044711396e-05,-1.189618521e-05,-1.039961213e-05,-5.547745796e-06,1.247122525e-07,3.650230578e-06,4.236678911e-06,4.200118576e-06,6.080615843e-06,9.458913220e-06,1.110286341e-05,8.577685099e-06,3.221650600e-06,-1.003169009e-06,-1.519757901e-06,5.442319701e-07,2.192497082e-06,2.147542727e-06,1.958019157e-06,3.596247096e-06,6.684838244e-06,8.679046266e-06,7.639159957e-06,4.279095337e-06,1.082204794e-06,-2.773597141e-07,-3.333166911e-07,-8.422010242e-07,-2.796287346e-06,-5.447066745e-06,-6.939572145e-06,-5.709518049e-06,-1.577610653e-06,4.015799265e-06,8.761911843e-06,1.091085711e-05,1.043254473e-05,8.825851216e-06,7.562333632e-06,6.644997972e-06,4.844825381e-06,1.382700865e-06,-2.887176400e-06,-6.189372357e-06,-7.546044631e-06,-7.407848951e-06,-6.540160015e-06,-4.775763514e-06,-1.397155393e-06,3.293843351e-06,7.368379954e-06,8.709887231e-06,7.038440128e-06,4.233265835e-06,2.592979659e-06,2.940639981e-06,4.407593599e-06,5.665415257e-06,5.993900878e-06,5.318806691e-06,3.828747809e-06,1.969400353e-06,5.976908024e-07,6.099376132e-07,2.176409914e-06,4.523461905e-06,6.674674693e-06,8.332448066e-06,9.876640803e-06,1.160121489e-05,1.324036224e-05,1.430602691e-05,1.460161365e-05,1.416057476e-05,1.287540120e-05,1.063275613e-05,7.946726149e-06,6.081883451e-06,6.109217665e-06,7.817170329e-06,9.847475500e-06,1.102156661e-05,1.131617657e-05,1.140034662e-05,1.152569653e-05,1.134272284e-05,1.081826688e-05,1.078212826e-05,1.208403919e-05,1.435457975e-05,1.612598752e-05,1.636766118e-05,1.553418844e-05,1.474544454e-05,1.417401681e-05,1.283586984e-05,1.015271036e-05,7.218723058e-06,5.949604057e-06,7.010920613e-06,9.078875591e-06,1.036247424e-05,1.049357414e-05,1.052594344e-05,1.127204311e-05,1.223343005e-05,1.238231027e-05,1.153795072e-05,1.046828777e-05,9.777093580e-06,9.283591121e-06,8.706739126e-06,8.458077388e-06,9.199275105e-06,1.075049351e-05,1.205979631e-05,1.246859882e-05,1.246982970e-05,1.265961371e-05,1.223285521e-05,9.443285687e-06,4.013364837e-06,-1.499069414e-06,-3.660879741e-06,-1.691105870e-06,1.551360160e-06,2.536065026e-06,6.785639058e-07,-1.568210883e-06,-2.082455817e-06,-1.671482219e-06,-2.767523990e-06,-6.032363451e-06,-9.233131776e-06,-9.782052928e-06,-7.716434761e-06,-5.457365280e-06,-4.802857993e-06,-4.955197171e-06,-3.855360019e-06,-9.089970832e-07,2.299527264e-06,3.907755625e-06,3.683463807e-06,2.732948420e-06,1.866084664e-06,9.881964406e-07,8.333614979e-08,1.987105569e-09,1.627202872e-06,4.442007524e-06,6.581424220e-06,6.618341004e-06,5.035452294e-06,3.603900939e-06,3.390285260e-06,3.696407660e-06,3.054977302e-06,1.057179874e-06,-9.686141629e-07,-1.019335147e-06,1.875979518e-06,6.739764942e-06,1.113055211e-05,1.270437986e-05,1.091290336e-05,7.597967989e-06,5.693129025e-06,6.749139636e-06,9.478004540e-06,1.101680993e-05,9.947220091e-06,7.940061836e-06,8.037577698e-06,1.125157327e-05,1.524489976e-05,1.669578212e-05,1.480024455e-05,1.206207811e-05,1.160877241e-05,1.410265229e-05,1.746382058e-05,1.921967015e-05,1.859502398e-05,1.640173135e-05,1.364572432e-05,1.081910003e-05,8.270442062e-06,6.484113608e-06,5.649450978e-06,5.346292920e-06,5.104416833e-06,5.115259241e-06,5.890611985e-06,7.174250266e-06,7.763607096e-06,6.843207715e-06,5.155357964e-06,4.173825922e-06,4.087567362e-06,3.396431990e-06,1.138856846e-06,-9.254519842e-07,5.149926863e-07,6.423399289e-06,1.328447778e-05,1.583418567e-05,1.216040211e-05,5.599990712e-06,1.291839997e-06,1.238309323e-06,3.257862294e-06,4.265649543e-06,3.646103687e-06,2.757113760e-06,2.404100522e-06,1.592834836e-06,1.355657939e-07
P8,-1.581078464e-06,-5.654813420e-06,-8.428765943e-06,-1.023236878e-05,-9.982943720e-06,-7.762147026e-06,-3.975765691e-06,-2.554989250e-07,2.035887620e-06,2.865197834e-06,3.808661346e-06,6.264540988e-06,9.636940941e-06,1.150451923e-05,9.908722944e-06,5.400771098e-06,6.502538711e-07,-1.924287372e-06,-1.964584212e-06,-7.378767280e-07,6.159724602e-07,2.002627354e-06,3.688011954e-06,5.277145342e-06,5.818391586e-06,4.873095138e-06,3.152471111e-06,1.905172826e-06,1.720867784e-06,1.978025088e-06,1.386177888e-06,-9.260989145e-07,-4.584153284e-06,-7.896176765e-06,-8.683698777e-06,-5.743413652e-06,-4.227306298e-08,5.509106275e-06,7.956904683e-06,6.505962612e-06,3.035057284e-06,3.611230621e-07,-1.244250727e-07,7.460796514e-07,1.178345239e-06,1.998342816e-07,-1.731389225e-06,-3.425181060e-06,-3.880210371e-06,-2.693971785e-06,-1.713608290e-07,2.602114027e-06,4.079767647e-06,3.249513237e-06,5.817726846e-07,-2.235104821e-06,-3.767556947e-06,-3.992256341e-06,-3.848690274e-06,-3.851005086e-06,-3.604922971e-06,-2.815921865e-06,-2.248760655e-06,-3.042100824e-06,-5.058778063e-06,-6.541055765e-06,-5.887569717e-06,-3.547052906e-06,-1.592053462e-06,-1.319848956e-06,-1.771158606e-06,-9.967352673e-07,1.525890719e-06,4.329742948e-06,5.809102171e-06,5.960974160e-06,5.812542162e-06,5.559732677e-06,4.196689431e-06,1.294989211e-06,-1.548290023e-06,-1.888212878e-06,9.044414735e-07,4.785929324e-06,7.172339352e-06,7.503387059e-06,7.181172276e-06,7.242861622e-06,6.980568353e-06,5.299022112e-06,2.840201738e-06,1.824024685e-06,3.589419316e-06,6.930315750e-06,9.378664298e-06,9.836509642e-06,9.326490059e-06,9.176254284e-06,9.231050776e-06,8.413830671e-06,6.651918912e-06,5.368804761e-06,5.775726123e-06,7.247985601e-06,8.001072146e-06,7.229348495e-06,5.956237973e-06,5.579596878e-06,6.088186986e-06,6.218185748e-06,5.170455182e-06,3.563526172e-06,2.533274294e-06,2.404759034e-06,2.694502864e-06,3.118985446e-06,3.909224246e-06,4.996975006e-06,5.549542297e-06,4.914183186e-06,3.747546575e-06,3.376494528e-06,3.745550020e-06,2.693543141e-06,-1.842417750e-06,-8.855478509e-06,-1.427531066e-05,-1.459673257e-05,-1.040746441e-05,-5.860437708e-06,-4.598209100e-06,-6.567223122e-06,-8.924049410e-06,-9.468269801e-06,-8.507059099e-06,-7.496681284e-06,-6.801086620e-06,-5.512689184e-06,-3.190443542e-06,-8.735494633e-07,7.039937815e-08,-3.110459077e-07,-5.611916603e-07,4.264726976e-07,2.128603648e-06,3.097694348e-06,2.605114807e-06,1.181640159e-06,-3.209647490e-07,-1.615681202e-06,-2.646145757e-06,-2.797426189e-06,-1.146727618e-06,2.259111798e-06,5.780756220e-06,7.369776910e-06,6.503676315e-06,4.695053719e-06,3.871341083e-06,4.331382237e-06,4.524223271e-06,2.923244907e-06,-1.520369522e-08,-1.949117223e-06,-8.319102808e-07,2.935893108e-06,6.547556050e-06,7.137367030e-06,4.349531330e-06,7.391218778e-07,-4.533901269e-07,1.840971168e-06,5.703107220e-06,8.228214015e-06,8.363408296e-06,7.725402584e-06,8.590497561e-06,1.120482670e-05,1.330243940e-05,1.237846035e-05,8.331699959e-06,3.737289038e-06,1.545108770e-06,2.586332259e-06,5.196838170e-06,6.929569523e-06,6.456091011e-06,4.109901251e-06,1.171378632e-06,-1.090774673e-06,-1.992540523e-06,-1.620363035e-06,-6.684465582e-07,1.319672545e-07,6.627113717e-07,1.439871497e-06,2.810607851e-06,4.204077669e-06,4.473646645e-06,3.086266365e-06,7.094280564e-07,-1.621985802e-06,-3.692237548e-06,-5.941606719e-06,-7.991817607e-06,-7.918892375e-06,-3.781827008e-06,3.911137381e-06,1.173557200e-05,1.587846491e-05,1.522001538e-05,1.177990897e-05,8.381584018e-06,6.134222365e-06,4.820679007e-06,3.820684623e-06,3.725519485e-06,3.529476033e-06,2.796483813e-06,-1.298671714e-06,-2.663853152e-06
O2,-2.506317620e-06,-5.313468504e-06,-6.773947556e-06,-9.856185898e-06,-1.166973094e-05,-1.101976494e-05,-7.115342151e-06,-2.094929866e-06,1.802899135e-06,3.753303809e-06,5.185811025e-06,7.535594104e-06,1.023967418e-05,1.108182351e-05,8.760724753e-06,4.641286496e-06,1.528343756e-06,7.931776330e-07,1.157006626e-06,4.690672649e-07,-1.716835602e-06,-3.785076599e-06,-4.142468301e-06,-3.069697010e-06,-2.169107606e-06,-2.316202749e-06,-2.750886102e-06,-2.314812846e-06,-1.117767336e-06,-5.343647839e-07,-1.643361959e-06,-4.059539325e-06,-6.389466667e-06,-7.502948020e-06,-7.132568453e-06,-5.542446982e-06,-3.167796055e-06,-7.054858935e-07,9.132306439e-07,1.145294125e-06,4.219599829e-07,-2.444972985e-07,-3.697355932e-07,-4.525586698e-07,-1.122302446e-06,-2.081762711e-06,-2.327916728e-06,-1.439091508e-06,-1.687619955e-07,5.936871966e-07,1.173528935e-06,2.805711898e-06,5.776869857e-06,8.340734866e-06,8.087678284e-06,4.498390754e-06,-2.181868635e-07,-3.073486430e-06,-2.963753364e-06,-1.274675822e-06,-9.762319998e-08,-2.609443309e-07,-1.119713101e-06,-1.738630994e-06,-1.768574977e-06,-1.270582125e-06,-2.616353081e-07,1.214271046e-06,2.804803842e-06,4.062927302e-06,4.981927410e-06,6.003438232e-06,7.335836748e-06,8.504805319e-06,8.851469495e-06,8.356419049e-06,7.610244444e-06,6.907050627e-06,5.767265235e-06,3.735845010e-06,1.498987468e-06,6.786778004e-07,2.227702444e-06,5.239742582e-06,7.676409003e-06,8.251386482e-06,7.354074192e-06,6.156599477e-06,5.251961886e-06,4.491701969e-06,3.872560301e-06,3.933446697e-06,5.007548872e-06,6.476300987e-06,7.282643903e-06,7.173927471e-06,6.973847805e-06,7.375086961e-06,7.789552113e-06,6.886916030e-06,4.311747229e-06,1.446250698e-06,1.562728499e-07,9.237548430e-07,2.513159059e-06,3.442113849e-06,3.440174135e-06,3.315561963e-06,3.693399676e-06,4.279611610e-06,4.355696767e-06,3.645708325e-06,2.513877978e-06,1.534758275e-06,1.132082946e-06,1.501584609e-06,2.489293393e-06,3.438114334e-06,3.520040912e-06,2.575983537e-06,1.465833199e-06,1.103125976e-06,1.023576701e-06,-5.858266461e-07,-4.872039087e-06,-1.039501785e-05,-1.384682686e-05,-1.316564162e-05,-9.796331777e-06,-7.424791129e-06,-8.353294361e-06,-1.138776912e-05,-1.341696182e-05,-1.272378050e-05,-1.033885825e-05,-8.303748527e-06,-7.290105977e-06,-6.367489777e-06,-4.760261299e-06,-3.069712824e-06,-2.455249707e-06,-3.047147670e-06,-3.752418961e-06,-3.665576967e-06,-3.211438898e-06,-3.584399754e-06,-5.263093692e-06,-7.443954039e-06,-8.931198578e-06,-9.210223821e-06,-8.440524529e-06,-6.704297195e-06,-3.795667142e-06,7.616064387e-08,3.726939305e-06,5.607177578e-06,5.118514751e-06,3.142418633e-06,1.080039840e-06,-5.891722089e-07,-2.614263409e-06,-5.750678417e-06,-9.315867083e-06,-1.117049074e-05,-9.384477356e-06,-4.121154863e-06,2.097034120e-06,6.191057456e-06,6.925583977e-06,5.758087679e-06,5.306198736e-06,6.823038130e-06,9.089997189e-06,9.810423486e-06,8.088572451e-06,5.442392937e-06,4.305970806e-06,5.612130859e-06,7.987350645e-06,9.314916952e-06,8.905298418e-06,8.011391258e-06,8.352179012e-06,1.037232443e-05,1.295099487e-05,1.451967997e-05,1.423195897e-05,1.221704139e-05,9.150820890e-06,5.829765526e-06,2.950726886e-06,9.122901537e-07,-3.086062436e-07,-9.321989070e-07,-9.363543685e-07,8.948826478e-10,1.943464495e-06,4.192119063e-06,5.626535580e-06,5.633716379e-06,4.468852495e-06,2.557457972e-06,-2.343891042e-07,-4.095975782e-06,-7.950999204e-06,-9.246448351e-06,-5.835233699e-06,1.685757791e-06,9.855366914e-06,1.492331262e-05,1.557774456e-05,1.313182579e-05,9.508323290e-06,5.587505282e-06,1.914284760e-06,-4.839589132e-07,-1.127236581e-07,2.192585542e-06,4.109054075e-06,2.069684542e-06,-8.160997434e-07
HEOG,-4.705049505e-05,-3.807830599e-05,8.050069465e-05,3.020852834e-05,-6.100752685e-05,-2.878444412e-05,7.627627500e-05,3.370415523e-05,-6.945198291e-05,-3.109630989e-05,6.520611552e-05,2.978264598e-05,-7.009516370e-05,-3.627665123e-05,6.283525273e-05,2.644538320e-05,-6.986268481e-05,-2.981268871e-05,6.988692456e-05,3.293061921e-05,-6.037664082e-05,-2.812578405e-05,6.980736090e-05,3.007466677e-05,-6.987395188e-05,-3.239446916e-05,6.631059919e-05,3.187994494e-05,-7.062849706e-05,-4.159276493e-05,6.055369619e-05,2.336949628e-05,-6.993444339e-05,-3.850014102e-05,5.966402682e-05,2.673296385e-05,-8.326585082e-05,-4.680950289e-05,5.363398793e-05,2.261751102e-05,-8.499373146e-05,-3.421810194e-05,6.109946722e-05,1.545510861e-05,-8.161378233e-05,-4.478080495e-05,4.753696779e-05,1.226795045e-05,-7.956604975e-05,-5.190979219e-05,4.604954470e-05,1.114206093e-05,-8.063617756e-05,-4.900628375e-05,4.991900424e-05,1.484436227e-05,-8.429973528e-05,-5.283035805e-05,5.256424673e-05,2.079066218e-05,-7.824894026e-05,-3.964944525e-05,5.034655561e-05,1.691631191e-05,-8.207036414e-05,-4.712758075e-05,5.280626812e-05,1.201685873e-05,-8.851951443e-05,-5.125137239e-05,4.474809904e-05,1.727865128e-05,-9.016887633e-05,-6.393960788e-05,3.514553647e-05,-3.368892592e-06,-9.777594286e-05,-5.770798901e-05,4.556793971e-05,1.479087074e-05,-9.641026014e-05,-5.300544510e-05,4.637458102e-05,1.255206867e-05,-8.595343256e-05,-5.542908113e-05,5.201486347e-05,1.231461246e-05,-8.632775247e-05,-4.504704765e-05,5.381718677e-05,1.598509344e-05,-8.511600159e-05,-5.352541063e-05,4.661330093e-05,1.449583526e-05,-8.843173407e-05,-5.155493115e-05,4.464308194e-05,1.539927139e-05,-9.369772300e-05,-5.395147540e-05,4.919603403e-05,6.541684684e-06,-9.355006501e-05,-5.048541111e-05,4.180184870e-05,-5.886789848e-06,-9.351623535e-05,-5.920772950e-05,4.487874243e-05,1.549583403e-06,-1.003594542e-04,-6.422385095e-05,3.746245808e-05,-2.868090858e-06,-1.053927280e-04,-5.692561463e-05,4.091523860e-05,1.580648523e-07,-1.000443964e-04,-5.978166893e-05,3.834387868e-05,2.145789407e-06,-9.285412906e-05,-6.268052313e-05,2.927180494e-05,-3.098289474e-06,-1.015835682e-04,-7.082483953e-05,2.860721869e-05,7.661489006e-07,-9.983185024e-05,-6.289919094e-05,3.401697095e-05,1.499162612e-07,-9.162215389e-05,-6.084082733e-05,3.859579990e-05,-1.804707259e-06,-1.001260392e-04,-6.451545177e-05,3.716227482e-05,-2.577308347e-06,-1.055059952e-04,-6.512771012e-05,4.073501253e-05,-3.662262274e-06,-1.048001088e-04,-6.393567362e-05,3.608500830e-05,3.666689631e-06,-9.794611673e-05,-5.914759728e-05,4.501612863e-05,8.840996012e-06,-8.911109056e-05,-5.386974291e-05,4.425465477e-05,5.281413856e-06,-9.019668355e-05,-4.958705527e-05,4.533724304e-05,7.921010716e-06,-9.727657241e-05,-5.943066425e-05,3.326804741e-05,-1.948337707e-08,-9.564887913e-05,-6.591683672e-05,3.915160825e-05,6.498173354e-06,-9.334258998e-05,-5.886130092e-05,3.784953783e-05,2.963988395e-06,-9.421071994e-05,-6.080651410e-05,3.746400452e-05,7.286362132e-06,-9.198245108e-05,-4.991333547e-05,4.474638110e-05,2.829095839e-06,-9.282446369e-05,-5.858500737e-05,4.270915691e-05,5.014169997e-06,-1.001359074e-04,-5.366518296e-05,4.154688730e-05,4.408892334e-06,-9.393593848e-05,-6.174582630e-05,4.092641396e-05,1.080216063e-05,-9.507098362e-05,-6.510048259e-05,3.740934343e-05,3.942852718e-06,-8.773595558e-05,-6.097809190e-05,3.640584017e-05,6.896328046e-06,-9.833600315e-05,-6.601566280e-05,3.466171813e-05,-1.599552020e-06,-1.093020960e-04,-6.778671067e-05,3.281141333e-05,2.254987177e-06,-1.016997723e-04,-6.779888686e-05,3.151047410e-05,-6.844369656e-06,-9.388368365e-05,-6.779380565e-05,4.248726082e-05,-7.842163517e-06,-5.352108946e-05
VEOG,2.969809712e-05,1.616930427e-05,-4.980831206e-05,-1.498037291e-05,3.979911280e-05,3.144850413e-06,-5.530287323e-05,-1.837917366e-05,4.579689701e-05,7.198426912e-06,-4.950065505e-05,-1.245677581e-05,3.969357623e-05,1.297087840e-05,-4.479350164e-05,-3.067952198e-06,5.740753644e-05,2.083813249e-05,-4.332121406e-05,-7.084141014e-06,5.118136253e-05,1.952468771e-05,-4.264097065e-05,-4.076934860e-07,5.301642004e-05,1.507960464e-05,-3.979627996e-05,-8.151055446e-06,5.066923320e-05,2.029383836e-05,-4.067854822e-05,-8.279839535e-06,5.112545443e-05,1.053943745e-05,-3.743560933e-05,-2.063512192e-06,5.428914934e-05,1.487541570e-05,-4.969586496e-05,-9.629681014e-06,4.585171122e-05,9.458034124e-06,-4.603040323e-05,-3.261170371e-06,5.269015086e-05,1.389945873e-05,-4.554082738e-05,-1.654130835e-05,4.562201414e-05,1.192071163e-05,-5.015246159e-05,-7.168787713e-06,5.453256258e-05,1.833645012e-05,-3.890458455e-05,5.156020301e-07,5.705928125e-05,1.486373955e-05,-4.058672735e-05,-1.041877575e-05,5.209941852e-05,2.490428402e-05,-4.182849084e-05,2.693552725e-06,5.679114560e-05,1.981373445e-05,-3.442534126e-05,3.589664407e-06,6.544095582e-05,2.984224409e-05,-3.040445962e-05,-1.816605876e-06,6.352476606e-05,3.680661061e-05,-2.926445596e-05,6.747790220e-06,6.165676233e-05,2.000094328e-05,-3.305636017e-05,3.242614357e-06,6.088303654e-05,2.881808272e-05,-3.535648663e-05,2.462468908e-06,6.031887134e-05,2.607145604e-05,-3.103870499e-05,2.589864922e-06,6.254883911e-05,2.273261897e-05,-3.166120884e-05,1.358280963e-05,7.011671550e-05,3.173326993e-05,-2.981430752e-05,3.542510222e-06,6.605295289e-05,3.547129123e-05,-3.265665164e-05,2.917956456e-06,6.921732055e-05,3.285998046e-05,-2.657265571e-05,9.350604748e-06,7.010322213e-05,3.399289753e-05,-1.943680012e-05,1.286457049e-05,7.372845513e-05,3.437228691e-05,-2.879527417e-05,1.397970014e-05,7.357319897e-05,3.709715097e-05,-2.535463140e-05,7.810217286e-06,6.688507056e-05,3.285058003e-05,-1.950165815e-05,1.451976486e-05,6.659489594e-05,3.560406651e-05,-2.668507457e-05,7.980271523e-06,6.868704268e-05,3.684714954e-05,-2.100854894e-05,1.388373146e-05,6.968556186e-05,3.007665403e-05,-3.050847810e-05,1.281777379e-05,6.644555390e-05,2.930610108e-05,-3.164235199e-05,-2.567253362e-06,5.985256175e-05,2.470743187e-05,-3.192230194e-05,7.415797469e-06,6.986423710e-05,3.836199352e-05,-2.409558865e-05,4.225890267e-06,6.705698876e-05,3.135565980e-05,-2.307151031e-05,1.767506834e-05,7.368667662e-05,3.938718496e-05,-2.309160080e-05,1.179312477e-05,6.964763917e-05,2.898861089e-05,-2.449180339e-05,6.097852308e-06,6.424608632e-05,3.673698121e-05,-2.675291367e-05,1.389093881e-05,7.534901745e-05,4.189949177e-05,-2.564295672e-05,8.118757613e-06,7.318361145e-05,3.889762444e-05,-1.169689786e-05,2.412812764e-05,8.419637915e-05,4.796287410e-05,-1.653505893e-05,2.219628744e-05,8.122234321e-05,4.616177948e-05,-9.440782822e-06,1.711915400e-05,7.817345859e-05,4.301461517e-05,-1.100036832e-05,2.640992799e-05,8.368461715e-05,5.230791633e-05,-1.437045019e-05,2.409528219e-05,9.017372487e-05,5.304439886e-05,-6.420568338e-06,2.408044500e-05,9.027247312e-05,5.768249376e-05,-1.973075074e-06,2.614982235e-05,8.371924387e-05,4.950570784e-05,-1.657843290e-05,2.568393503e-05,8.201392829e-05,4.445264230e-05,-1.075030667e-05,2.138573591e-05,7.592468030e-05,5.269004805e-05,-9.875714383e-06,2.856980405e-05,8.922815200e-05,4.788253703e-05,-1.024658442e-05,2.554797309e-05,7.908280629e-05,4.512120231e-05,-1.422408988e-05,1.872275512e-05,7.352112031e-05,3.469573392e-05,-2.239086574e-05,1.789492931e-05,7.408616812e-05,4.227451552e-05,-2.447715233e-05,2.253817874e-05,4.274480113e-05
